#Datasets	NMU001.A0101.SG1.1.unmapped	NMU009.A0101.SG1.1.unmapped	NMU014.A0101.SG1.1.unmapped	NMU020.A0101.SG1.1.unmapped	NMU021.A0101.SG1.1.unmapped	NMU047.A0101.SG1.1.unmapped	NMU059.A0101.SG1.1.unmapped	NMU065.A0101.SG1.1.unmapped	NMU067.A0101.SG1.1.unmapped	NMU089.A0101.SG1.1.unmapped	SIG001.A0101.SG1.1.unmapped	SIG002.A0101.SG1.1.unmapped	SIG004.A0101.SG1.1.unmapped	SIG005.A0101.SG1.1.unmapped	SIG010.A0101.SG1.1.unmapped	SIG018.A0101.SG1.1.unmapped	SIG021.A0101.SG1.1.unmapped	SIG024.A0101.SG1.1.unmapped	SIG025.A0101.SG1.1.unmapped	SIG026.A0101.SG1.1.unmapped
Acetobacter	0	0	36	0	0	0	0	0	0	0	45	49	35	31	68	45	37	31	26	41
Achromobacter	1102	742	752	846	785	942	849	802	907	890	698	747	1065	563	1336	1169	656	593	794	929
Acidaminococcus	0	0	0	0	0	0	0	0	0	0	0	0	0	18	0	0	0	18	0	0
Acidibrevibacterium	0	0	38	0	0	46	0	0	0	0	67	35	35	25	44	31	25	29	28	40
Acidiferrobacter	0	0	0	0	0	0	0	0	0	0	29	43	65	36	124	61	33	29	57	64
Acidihalobacter	97	110	70	86	100	94	80	87	136	116	120	160	276	123	603	248	175	111	236	308
Acidimangrovimonas	0	0	0	0	0	0	0	0	0	0	25	0	0	0	38	0	0	0	0	0
Acidimicrobium	0	0	0	0	0	0	0	0	0	0	159	132	63	17	66	34	65	61	79	74
Acidiphilium	100	109	99	133	77	134	87	74	83	105	154	150	163	105	175	127	105	75	130	109
Acidipila	69	99	63	100	47	93	0	61	45	83	76	242	127	182	149	214	121	156	118	118
Acidipropionibacterium	0	0	0	0	0	0	0	41	0	0	66	70	36	24	39	67	31	30	46	41
Acidisphaera	120	96	71	146	92	121	86	73	79	92	131	97	105	62	106	103	54	63	72	79
Acidithiobacillus	0	0	39	0	0	0	0	0	0	0	48	32	0	33	94	57	47	38	56	66
Acidobacterium	58	52	0	57	47	42	0	0	0	52	94	222	86	150	106	181	84	95	94	78
Acidocella	0	0	0	0	0	0	0	0	0	0	36	0	28	23	0	35	34	20	0	0
Acidomonas	0	0	0	0	0	0	0	0	0	0	25	0	27	0	41	0	0	0	0	0
Acidovorax	555	446	467	530	461	566	536	478	562	519	698	537	684	431	900	885	461	477	529	629
Acinetobacter	74	88	172	65	55	87	76	194	0	55	415	92	47	198	78	56	412	48	44	34
Actinoalloteichus	343	210	145	212	213	182	227	160	217	212	126	124	119	51	78	206	53	87	71	87
Actinobacillus	0	0	0	0	0	0	0	0	0	0	0	0	0	0	0	0	24	0	0	0
Actinocorallia	648	438	333	469	451	370	526	394	541	509	135	107	47	32	41	64	42	74	136	73
Actinokineospora	598	347	251	352	293	306	436	269	324	283	683	239	1078	106	229	1766	112	195	157	172
Actinomadura	4812	3117	2691	3654	3418	3038	4031	3249	3738	3744	1223	1271	849	498	731	1251	504	714	1782	1040
Actinomyces	269	220	249	292	240	242	255	224	229	252	343	386	260	221	286	319	211	275	300	262
Actinomycetospora	182	117	82	110	100	102	96	107	105	102	147	139	105	50	111	153	97	92	123	107
Actinoplanes	1058	799	672	808	765	742	926	717	830	827	678	685	499	315	415	830	343	368	571	452
Actinopolymorpha	403	155	182	235	204	187	195	218	220	176	239	232	124	77	125	197	83	96	307	152
Actinopolyspora	749	237	55	92	238	70	99	73	98	110	82	93	111	62	64	124	56	76	71	158
Actinospica	84	65	49	69	58	52	80	59	84	67	78	53	49	25	41	37	22	28	50	46
Actinosynnema	276	153	117	158	165	162	220	160	182	168	101	80	152	38	56	176	37	56	75	55
Actinotignum	0	0	0	0	0	0	0	0	0	0	0	0	0	0	0	0	22	22	0	0
Advenella	0	0	0	0	0	0	0	0	0	0	0	0	0	19	0	0	30	0	0	0
Aeromicrobium	275	183	190	220	153	204	226	201	171	196	435	302	181	150	188	240	132	129	194	180
Aeromonas	262	266	219	252	284	327	231	215	270	336	304	418	647	358	800	557	316	289	454	541
Afifella	138	85	154	184	91	178	88	76	70	83	90	68	96	57	78	72	91	46	57	64
Afipia	290	223	223	376	203	403	177	199	121	184	130	140	194	90	207	159	141	75	109	162
Aggregatibacter	0	0	0	0	0	0	0	40	0	0	46	0	0	24	0	0	45	0	0	0
Agrobacterium	176	138	190	267	165	315	120	149	102	175	118	118	166	136	155	149	114	85	114	130
Agrococcus	77	0	59	57	65	55	52	52	52	53	72	112	91	64	100	99	68	62	87	80
Agromyces	87	77	74	92	78	70	78	65	76	80	127	123	100	52	98	109	71	68	92	85
Ahniella	0	0	0	0	0	0	0	0	0	0	31	0	93	49	73	64	61	31	41	36
Akkermansia	0	0	0	0	0	0	0	0	0	0	41	66	33	41	30	46	42	41	40	31
Albidovulum	0	0	40	0	0	61	0	0	0	0	36	40	52	34	57	61	19	21	27	36
Albimonas	77	78	81	70	60	68	58	64	66	62	101	96	89	42	89	100	58	84	71	71
Alcaligenes	649	0	0	0	0	0	0	0	0	0	27	0	0	24	31	0	32	0	44	32
Alcanivorax	199	78	118	104	77	81	66	98	89	92	122	117	233	149	224	158	156	103	118	145
Algoriphagus	62	0	35	49	51	77	0	39	50	63	27	371	0	32	0	123	28	0	35	24
Alicycliphilus	0	0	47	0	0	48	49	38	45	0	62	38	57	31	72	67	41	40	43	35
Alicyclobacillus	0	78	80	66	73	107	56	45	71	84	173	251	165	140	188	164	140	193	207	213
Aliivibrio	0	0	0	0	0	0	0	0	0	0	0	0	0	0	0	0	20	0	0	0
Alistipes	58	65	80	57	71	112	60	65	66	81	135	160	115	128	138	172	105	88	140	132
Alkalilimnicola	0	0	0	0	42	42	0	0	0	44	32	44	92	48	178	91	45	45	73	88
Alkalispirillum	0	0	0	0	0	0	0	0	0	0	37	39	85	53	171	79	46	39	58	81
Alloactinosynnema	321	188	181	217	168	196	309	162	171	163	529	174	723	73	167	1158	59	108	113	113
Allochromatium	68	74	55	0	67	64	52	63	74	78	59	93	217	100	337	149	89	79	123	186
Allokutzneria	241	161	103	158	136	98	158	129	138	121	151	89	194	46	63	287	58	80	63	83
Allonocardiopsis	314	194	162	223	206	173	217	168	209	198	60	104	55	39	56	100	34	47	78	47
Altererythrobacter	71	75	62	104	87	101	61	74	84	71	93	127	123	63	121	125	99	71	83	70
Alteromonas	0	0	0	0	0	0	0	0	0	0	58	0	0	35	0	0	91	0	0	0
Aminobacter	185	163	179	269	138	317	187	235	140	155	159	125	168	103	195	191	101	116	124	177
Aminomonas	0	0	0	0	0	0	0	0	0	0	38	49	0	24	0	33	28	23	37	29
Ammonifex	0	0	0	0	0	0	0	0	0	0	31	32	0	0	0	0	25	19	36	28
Amorphus	84	67	103	103	68	118	77	64	0	60	52	50	64	23	64	73	53	31	36	63
Amphritea	0	0	0	0	0	0	0	0	0	0	28	0	0	0	0	0	26	0	0	0
Amycolatopsis	2334	1455	1143	1457	1454	1356	1724	1352	1533	1392	1750	1199	2147	565	919	2993	556	1515	974	879
Anaerolinea	0	0	0	0	0	0	0	0	0	0	66	39	0	35	0	0	20	21	32	30
Anaeromyxobacter	510	449	739	548	510	749	601	462	495	675	1221	1648	1092	906	1365	1970	1024	1054	1028	959
Anaerosalibacter	0	0	0	0	0	0	0	0	94	0	0	49	161	0	44	0	30	159	147	34
Anaerotruncus	0	0	0	0	0	0	0	0	0	0	49	56	45	43	60	65	45	44	54	55
Andreprevotia	0	0	0	0	0	45	0	0	0	45	37	48	55	66	77	56	48	30	47	49
Aneurinibacillus	0	0	0	0	0	0	0	0	0	0	0	0	0	0	0	0	22	0	0	0
Angustibacter	59	44	0	0	0	0	64	43	0	48	63	39	31	30	42	50	22	26	27	39
Anoxybacillus	0	0	0	0	0	0	0	0	0	0	0	0	0	0	0	0	21	0	0	0
Aquabacterium	177	117	151	157	133	129	157	158	169	139	128	186	249	104	317	301	118	142	127	181
Aquamicrobium	94	51	77	84	55	113	104	107	49	51	34	46	79	27	48	36	58	52	29	61
Aquicella	0	0	109	0	0	0	0	39	0	0	0	35	41	0	0	0	56	0	0	0
Aquimarina	0	0	0	0	0	0	0	0	0	0	42	54	0	23	0	0	36	0	0	0
Aquimonas	68	71	36	0	55	50	55	57	85	106	62	100	233	81	309	182	99	84	120	157
Aquincola	79	69	60	75	79	80	82	67	80	64	67	66	113	62	146	150	68	61	75	89
Aquisalimonas	0	45	0	0	52	42	48	48	57	66	47	77	140	67	272	126	69	57	141	192
Aquitalea	0	0	0	0	0	0	0	0	0	0	0	0	0	25	33	0	0	0	0	0
Arabia	0	0	0	0	0	0	0	0	0	0	0	35	0	0	30	0	0	27	0	0
Arachidicoccus	0	0	0	0	0	0	0	0	0	0	0	31	0	0	0	0	0	0	0	0
Archangium	165	177	170	177	165	192	165	167	161	206	244	480	438	214	351	612	276	312	283	257
Arcobacter	0	0	0	0	0	0	0	0	0	0	0	0	0	0	0	0	23	0	0	0
Ardenticatena	0	0	0	0	0	0	0	0	0	0	47	54	39	28	32	36	33	23	29	34
Arenimonas	198	184	111	132	172	174	155	143	216	206	148	259	626	201	770	455	304	249	298	365
Arhodomonas	97	80	68	63	101	66	91	74	103	100	80	153	288	89	426	207	146	112	209	246
Aromatoleum	156	229	184	207	215	227	246	200	251	260	198	242	368	191	593	519	279	222	228	312
Arsenicibacter	0	0	0	0	0	0	0	0	0	0	0	45	0	0	0	0	0	0	0	0
Arsenicicoccus	0	0	0	0	0	0	0	0	0	0	26	0	0	0	0	0	0	22	0	0
Arthrobacter	654	450	635	534	574	567	526	415	508	522	552	546	406	324	471	567	257	324	524	439
Asanoa	104	83	71	98	65	65	118	54	81	77	93	84	77	32	51	89	48	52	68	59
Asinibacterium	150	85	94	80	142	159	55	66	142	134	0	110	0	0	0	0	0	0	43	25
Asticcacaulis	0	44	0	0	0	0	0	0	0	0	40	35	74	31	57	54	28	29	33	41
Aurantimonas	97	84	95	132	63	143	68	74	59	92	87	101	98	53	95	92	67	67	95	80
Auraticoccus	0	0	0	0	0	0	0	0	0	0	46	32	0	0	0	33	23	23	33	33
Aureimonas	144	91	116	173	102	171	94	100	71	112	147	108	149	69	111	122	70	74	95	92
Azoarcus	581	474	399	423	457	437	555	433	524	516	436	461	753	393	1100	995	472	429	503	668
Azohydromonas	98	79	97	100	83	95	103	102	103	95	96	124	114	71	226	185	72	81	100	138
Azonexus	103	83	75	65	78	75	96	86	85	80	63	65	142	56	133	138	79	80	69	82
Azorhizobium	237	152	215	300	129	281	147	105	91	146	151	127	150	68	126	150	98	86	76	102
Azospira	0	44	48	0	52	46	73	60	74	49	39	63	61	40	80	96	42	56	48	40
Azospirillum	1036	909	976	1242	823	1396	1028	918	788	964	2344	1263	1493	960	1602	1436	1001	845	915	941
Azotobacter	131	103	99	118	91	104	99	92	118	135	114	182	230	149	296	214	160	129	173	186
Azovibrio	0	0	0	0	0	0	0	0	0	0	0	28	0	28	0	0	0	21	40	36
Bacillus	453	445	521	423	196	222	277	322	286	259	336	390	304	263	286	305	364	214	241	251
Bacteroides	87	56	74	87	74	143	67	63	103	104	59	203	40	68	56	113	90	49	84	65
Bartonella	0	0	0	0	0	0	0	38	0	0	46	0	0	21	0	0	48	0	0	0
Bdellovibrio	0	0	0	0	0	0	0	0	0	0	0	29	0	17	0	0	23	34	0	0
Beggiatoa	0	0	0	0	0	0	0	0	0	0	63	0	0	32	0	0	69	0	0	0
Beijerinckia	0	0	0	0	0	57	0	0	0	0	26	0	0	0	0	0	0	0	0	0
Belliella	0	0	0	0	0	0	0	0	0	0	0	48	0	0	0	0	0	0	0	0
Bellilinea	0	0	0	0	0	0	0	0	0	0	26	0	0	20	0	0	0	0	0	0
Belnapia	191	157	242	289	191	321	216	191	154	199	273	247	207	150	277	234	161	194	212	197
Beutenbergia	0	0	0	0	0	0	0	0	0	0	59	46	33	18	0	36	23	23	37	28
Bhargavaea	0	0	0	0	0	0	0	0	0	0	25	0	0	0	0	0	0	0	0	27
Bifidobacterium	88	84	94	88	114	103	94	76	88	120	131	160	113	92	146	154	90	122	128	108
Bilophila	0	0	0	0	0	0	0	0	0	0	24	34	0	17	0	0	22	23	0	0
Blastochloris	136	96	116	192	99	175	91	74	52	80	94	108	89	58	100	68	74	48	60	75
Blastococcus	367	238	227	260	245	244	255	260	262	266	381	300	192	131	199	225	165	169	212	232
Blastomonas	68	68	61	83	77	86	53	58	83	90	53	71	117	76	109	92	85	65	48	69
Blastopirellula	0	43	50	0	0	0	0	0	0	0	36	40	27	43	35	33	49	23	39	35
Bordetella	864	771	745	835	706	796	905	847	931	891	613	779	1054	646	1410	1140	686	647	743	934
Bosea	1671	1349	1551	2243	1430	2949	1025	1540	874	1165	962	831	1005	556	949	858	618	499	625	776
Brachybacterium	187	152	159	149	150	164	152	142	162	159	208	201	169	120	195	205	115	138	198	162
Brachymonas	0	0	0	0	0	0	0	0	0	0	0	0	0	20	41	32	0	18	0	34
Bradymonas	0	0	0	0	0	0	0	0	0	0	31	32	0	32	0	42	28	31	33	37
Bradyrhizobium	6821	5257	6292	9938	4908	9592	4452	4066	3416	4961	4440	4177	5040	2732	5581	4253	3685	2931	3464	4144
Brevibacillus	92	43	40	0	0	0	0	0	0	0	68	119	90	62	58	62	80	72	74	61
Brevibacterium	116	94	83	78	101	97	91	77	91	96	127	123	81	72	95	112	58	76	97	96
Brevirhabdus	0	0	0	0	0	0	0	0	0	0	0	0	0	0	0	0	0	0	0	27
Brevundimonas	285	254	238	355	252	1114	229	198	224	316	1005	371	468	200	422	515	327	226	311	294
Brockia	0	0	0	0	0	0	0	0	0	0	0	36	0	0	0	0	0	0	0	0
Brucella	0	0	46	65	52	100	0	0	0	0	32	30	52	29	0	0	0	18	29	29
Buchnera	0	0	0	0	0	0	0	0	0	0	0	0	0	0	0	0	23	0	0	0
Burkholderia	2761	2763	1969	2345	2522	2767	2614	2337	2679	2863	2318	2964	5248	2228	6236	4717	2772	2574	3081	3821
Butyricicoccus	0	0	0	0	0	0	0	0	0	0	34	45	33	20	40	34	22	27	34	28
Caballeronia	0	0	0	0	0	0	0	0	0	0	0	0	42	0	51	0	0	0	25	0
Caenimonas	0	0	0	0	0	45	0	0	0	0	35	31	34	20	65	36	32	0	0	35
Caenispirillum	118	93	117	122	88	136	96	91	81	86	199	131	176	101	184	148	116	92	69	126
Caldilinea	0	0	0	0	0	0	0	0	0	0	60	77	43	38	41	44	48	41	50	53
Caldimonas	0	0	0	0	0	0	0	0	0	0	24	0	37	28	0	43	0	19	0	0
Calidithermus	0	0	43	0	0	44	0	0	0	0	174	273	157	132	196	236	132	135	170	149
Calothrix	0	0	0	0	0	0	0	0	0	0	0	0	0	0	0	0	37	0	0	0
Campylobacter	0	0	0	0	0	0	0	0	0	0	0	0	0	17	0	0	21	19	0	0
Candidatus Accumulibacter	0	42	57	59	0	47	61	54	0	60	39	61	108	53	118	75	81	56	56	71
Candidatus Babela	0	0	0	0	65	0	0	0	0	0	294	0	0	22	0	0	60	0	0	0
Candidatus Bipolaricaulis	0	0	0	0	0	0	0	0	0	0	44	58	32	36	32	34	23	20	30	30
Candidatus Competibacter	0	0	0	0	0	0	0	0	0	0	29	41	31	33	43	0	30	0	42	27
Candidatus Dactylopiibacterium	0	0	0	0	0	0	0	0	0	0	0	32	33	27	68	52	20	0	30	55
Candidatus Desulforudis	0	0	0	0	0	0	0	0	0	0	34	41	32	27	0	30	23	40	46	32
Candidatus Glomeribacter	0	0	0	0	0	0	0	0	0	0	0	0	0	0	0	0	19	0	0	0
Candidatus Koribacter	73	81	60	90	49	81	47	63	0	86	129	353	148	233	125	256	147	154	138	124
Candidatus Microthrix	0	41	40	0	0	60	0	44	0	48	207	145	63	39	41	44	78	39	71	61
Candidatus Nitrosocaldus	0	0	0	0	0	0	0	0	0	0	0	0	0	0	75	0	0	0	54	0
Candidatus Nitrosomarinus	0	0	0	0	0	0	0	0	0	0	74	103	55	88	141	0	90	71	49	55
Candidatus Nitrosopelagicus	0	0	0	0	0	0	0	0	0	0	93	166	68	106	120	0	96	110	58	55
Candidatus Nitrosotenuis	0	73	204	119	62	197	109	70	106	158	2513	2840	1409	2305	2615	303	2485	2863	461	965
Candidatus Promineofilum	0	49	69	58	0	56	0	38	0	0	123	172	147	127	104	154	100	109	135	117
Candidatus Protochlamydia	0	0	0	0	0	0	0	96	0	0	0	0	0	0	0	0	65	0	0	0
Candidatus Solibacter	253	362	219	325	180	249	106	199	112	218	278	782	331	880	317	548	306	409	341	255
Candidatus Thiodiazotropha	0	0	0	0	0	0	0	0	0	0	0	0	0	24	36	0	23	0	0	25
Candidimonas	0	0	0	0	0	0	0	0	0	0	26	0	33	0	45	32	0	20	0	34
Capnocytophaga	0	0	0	0	0	0	0	0	0	0	0	50	0	0	0	0	0	0	0	0
Cardiobacterium	0	0	0	0	0	0	0	0	0	0	0	43	38	27	86	38	35	18	40	64
Castellaniella	304	0	311	210	49	93	57	90	0	113	44	52	107	51	86	83	48	56	56	67
Catalinimonas	0	0	0	0	0	0	0	0	0	0	0	70	0	22	0	64	32	25	32	23
Catelliglobosispora	90	0	0	53	42	0	73	0	0	44	37	0	38	0	0	34	0	0	0	0
Catenovulum	0	0	0	0	0	0	0	0	0	0	0	0	0	0	0	0	19	0	0	0
Catenulispora	89	63	49	79	55	57	96	73	81	70	71	66	67	42	53	77	36	45	83	60
Caulobacter	696	646	608	731	584	1020	498	564	601	748	828	871	1404	516	1247	1349	817	694	727	726
Cedecea	0	0	0	0	0	0	0	0	0	0	0	0	0	0	39	0	0	0	0	0
Celeribacter	0	57	47	83	56	91	49	43	0	45	70	64	57	55	71	74	44	39	40	55
Cellulomonas	318	245	216	264	243	243	278	247	267	270	382	365	279	169	298	315	159	182	245	250
Cellulosimicrobium	89	67	80	86	67	74	84	58	61	72	105	80	61	54	77	72	44	39	81	74
Cellvibrio	0	0	0	0	0	0	0	39	0	0	91	0	27	51	43	0	108	0	0	36
Cereibacter	0	0	0	0	0	0	0	0	0	0	28	0	36	0	0	36	0	0	0	23
Chelativorans	62	42	64	84	42	84	60	52	0	0	39	47	75	37	61	51	29	18	38	63
Chelatococcus	418	279	397	573	299	551	275	260	165	267	274	249	287	166	347	255	171	165	199	258
Chitinilyticum	0	42	0	0	0	0	45	0	0	0	25	0	33	40	53	57	38	29	41	45
Chitinimonas	195	149	102	120	139	126	198	169	181	169	126	159	268	118	298	248	147	140	162	179
Chitiniphilus	65	49	50	0	0	45	69	48	67	57	46	53	84	50	107	93	51	49	46	62
Chitinophaga	1045	998	487	487	596	1104	2550	2581	1244	1040	327	1115	97	184	206	223	86	57	352	222
Chlamydia	58	0	0	56	73	43	0	168	0	47	0	0	0	0	0	0	182	22	0	0
Chloracidobacterium	106	124	59	136	42	71	0	78	0	81	65	285	198	101	108	111	131	192	104	69
Chlorobaculum	0	0	0	0	42	0	0	0	0	0	68	95	62	68	75	83	74	76	61	61
Chlorobium	0	0	0	0	0	0	0	0	0	0	0	31	0	0	0	0	0	0	0	0
Chloroflexus	0	0	0	0	0	0	0	0	0	0	75	139	55	60	72	82	58	70	75	60
Chondromyces	101	102	127	124	96	162	119	85	116	110	187	309	161	147	173	240	154	132	175	178
Christensenella	0	0	0	0	0	0	0	0	0	0	31	44	29	26	38	41	29	43	43	41
Chromatium	0	0	0	0	0	0	0	0	0	0	0	0	0	23	0	0	0	0	0	0
Chromobacterium	202	183	145	146	166	158	187	155	252	206	170	183	270	243	338	305	180	170	218	245
Chromohalobacter	0	0	0	0	0	0	0	0	0	0	27	39	68	36	108	47	31	23	51	63
Chryseobacterium	65	0	72	52	56	133	0	0	70	73	38	185	0	23	0	59	33	0	31	0
Chryseolinea	108	78	73	195	139	151	149	137	105	153	0	765	0	0	34	272	0	23	89	59
Chthoniobacter	84	114	82	86	75	92	79	77	68	100	81	110	131	100	106	134	52	95	90	90
Chthonomonas	0	0	0	0	0	0	0	0	0	0	0	41	0	27	0	0	27	0	0	0
Ciceribacter	0	0	0	0	0	54	0	0	0	0	26	0	0	0	33	0	0	0	0	33
Citreimonas	0	0	0	0	0	0	0	0	0	0	0	41	0	0	38	33	0	0	0	25
Citrobacter	0	0	0	0	0	0	0	0	0	0	26	31	33	50	63	44	45	25	37	36
Citromicrobium	0	0	0	0	0	0	0	0	0	0	0	0	0	0	0	0	19	0	0	0
Clavibacter	107	77	86	102	66	95	86	61	74	109	127	102	86	86	91	105	67	71	107	107
Clostridium	137	53	105	75	50	169	192	124	282	98	146	156	109	99	106	107	141	167	159	134
Cnuella	62	66	72	0	76	108	0	42	85	90	0	73	0	0	0	0	0	0	36	0
Cobetia	0	0	0	0	0	0	0	0	0	0	0	0	0	21	43	0	21	0	0	0
Cohnella	76	90	85	89	85	97	70	71	95	85	137	187	142	132	132	149	109	141	137	123
Collimonas	105	127	108	100	118	131	114	114	139	136	92	128	196	116	239	167	116	93	111	146
Collinsella	0	56	54	0	46	62	0	38	49	59	90	114	103	80	106	109	69	109	106	82
Colwellia	0	0	45	52	0	0	0	61	0	0	59	0	0	21	0	0	98	0	0	0
Comamonas	92	93	87	81	84	107	132	86	122	107	94	81	105	88	163	173	78	61	106	98
Conexibacter	388	590	445	343	214	515	750	512	361	243	943	554	441	403	703	464	492	1001	1147	690
Corallococcus	184	229	182	245	203	246	192	161	183	240	370	589	451	264	357	722	337	304	302	318
Corynebacterium	477	337	332	388	353	331	356	304	362	360	428	554	329	281	345	362	291	312	339	331
Coxiella	0	0	108	0	0	0	66	190	0	0	43	0	0	22	43	0	65	0	0	0
Croceicoccus	0	0	0	0	0	0	0	0	0	0	29	0	44	32	45	40	31	24	38	30
Cronobacter	65	69	48	75	64	78	68	48	58	67	69	116	131	95	182	118	85	80	102	110
Crossiella	182	93	72	78	139	77	106	80	111	87	101	59	86	28	50	164	37	38	31	35
Cryobacterium	68	61	59	79	76	82	56	64	83	55	78	113	70	44	69	87	44	51	78	85
Cryptosporangium	180	144	122	177	153	152	164	109	154	130	182	146	139	68	95	137	89	87	123	91
Cucumibacter	0	0	0	0	0	0	0	0	0	0	0	0	29	0	0	0	0	0	0	0
Cupriavidus	1196	1048	905	1050	1005	1104	1162	1062	1163	1104	934	1015	1543	770	2157	1815	1002	931	1032	1247
Curtobacterium	216	175	157	199	151	209	192	174	192	193	304	286	205	163	181	245	147	170	212	184
Curvibacter	87	58	86	69	82	87	67	70	72	70	98	54	78	61	111	107	57	69	85	56
Cutibacterium	0	0	40	0	0	0	0	50	0	0	0	0	0	0	0	0	0	0	0	0
Cyanobium	0	0	38	0	0	0	0	0	0	0	58	81	61	73	74	116	45	79	81	52
Cyclobacterium	0	0	0	0	0	0	0	0	0	0	0	45	0	0	0	0	0	0	0	0
Cycloclasticus	0	0	0	0	0	0	0	0	0	0	27	0	0	0	0	0	35	0	0	0
Cystobacter	89	119	99	106	111	134	88	93	99	136	177	286	170	143	193	316	141	147	193	147
Cytophaga	0	0	0	0	0	0	0	0	0	0	0	60	0	0	0	0	20	0	0	0
Dechloromonas	86	78	68	83	68	73	111	81	66	69	66	65	112	63	97	129	74	60	59	73
Defluviimonas	0	0	35	0	0	55	0	0	0	45	21	35	28	21	23	38	27	0	33	38
Dehalogenimonas	0	0	0	0	0	0	0	0	0	0	33	44	36	24	0	33	26	39	40	0
Deinococcus	307	290	338	316	300	384	291	298	303	327	770	1039	687	608	787	898	560	581	761	684
Delftia	67	82	68	94	66	89	83	86	85	110	128	116	121	92	161	140	79	72	102	120
Demequina	0	55	52	0	44	56	0	50	57	47	114	124	58	50	69	80	65	49	71	80
Dermacoccus	0	0	0	0	0	0	0	0	0	0	29	0	34	0	0	0	0	0	0	23
Derxia	99	111	78	80	81	103	98	90	104	112	62	87	135	66	215	194	74	77	107	122
Desmospora	0	0	0	0	0	0	0	39	0	0	0	0	0	0	0	0	0	0	0	0
Desulfacinum	0	0	0	0	0	43	0	0	0	0	95	140	66	83	90	114	95	94	104	73
Desulfarculus	0	0	44	0	0	42	0	0	0	0	58	109	66	49	59	96	46	67	75	52
Desulfatibacillum	0	0	0	0	0	0	0	0	0	0	32	56	27	27	31	32	28	50	30	29
Desulfatiglans	0	0	36	0	0	0	0	0	0	0	45	62	0	29	51	53	48	56	43	39
Desulfatirhabdium	0	0	0	0	0	0	0	0	0	0	0	0	0	0	0	0	19	19	0	0
Desulfitobacterium	0	0	0	0	0	0	0	0	0	0	0	0	0	0	0	0	0	20	0	0
Desulfobacca	0	0	0	0	0	0	0	0	0	0	0	0	0	18	0	0	0	0	0	0
Desulfobulbus	0	0	56	0	0	66	0	0	0	45	74	118	68	91	80	125	65	67	61	64
Desulfocarbo	0	0	35	0	0	0	0	0	0	0	59	121	49	51	90	108	53	74	78	62
Desulfococcus	0	0	0	0	0	0	0	0	0	0	53	79	46	51	0	73	50	68	47	48
Desulfocurvibacter	0	0	36	0	0	0	0	0	0	0	33	45	41	31	41	82	39	38	34	39
Desulfocurvus	0	0	40	0	0	0	0	0	0	0	83	113	69	52	95	109	57	70	62	70
Desulfofustis	0	0	0	0	0	0	0	0	0	0	0	0	0	0	0	0	0	20	0	0
Desulfoluna	0	0	0	0	0	0	0	0	0	0	29	44	0	17	0	0	22	25	0	0
Desulfomicrobium	0	66	56	59	0	79	0	47	0	59	86	136	91	105	93	127	90	106	100	89
Desulfomonile	0	73	0	0	0	76	0	0	0	46	0	0	0	0	0	31	0	0	0	0
Desulfonatronum	0	0	43	0	0	0	0	0	0	0	37	56	0	23	33	50	32	48	29	39
Desulfotomaculum	0	0	0	0	0	0	0	0	0	0	36	79	29	30	0	31	57	37	26	37
Desulfovermiculus	0	0	0	0	0	0	0	0	0	0	0	0	0	0	0	0	23	0	0	0
Desulfovibrio	210	219	338	298	235	360	215	246	252	324	491	726	460	477	535	746	435	524	489	400
Desulfovirgula	0	0	0	0	0	0	0	0	0	0	57	81	34	39	44	65	38	59	53	42
Desulfurivibrio	0	0	0	0	0	0	0	0	0	0	0	0	0	27	0	33	20	20	0	0
Desulfuromonas	86	77	147	130	100	110	65	61	82	109	196	270	183	179	190	270	195	225	189	147
Devosia	435	340	379	434	293	769	429	393	435	330	325	300	440	251	379	325	222	235	297	301
Diaphorobacter	0	0	0	0	0	0	0	0	0	0	0	0	0	18	0	0	0	0	0	0
Dickeya	0	70	41	0	43	63	0	0	52	59	61	66	63	67	74	51	103	31	74	82
Dictyoglomus	0	0	0	0	0	0	0	0	0	0	24	0	0	0	0	0	0	0	0	0
Dietzia	77	54	47	0	46	50	64	50	56	60	76	69	61	48	72	62	51	68	90	59
Dokdonella	258	255	131	154	232	242	246	196	277	234	219	385	826	297	1021	609	380	306	450	503
Dongia	173	120	112	174	102	205	152	144	130	126	775	242	322	170	260	243	213	88	137	188
Duganella	239	330	201	225	260	271	275	229	280	334	204	321	497	254	493	507	367	250	328	325
Dyadobacter	126	115	97	103	120	143	87	109	138	134	50	291	63	57	69	147	61	35	76	48
Dyella	506	488	298	395	429	477	391	368	493	488	439	608	1378	566	1688	1019	632	537	752	905
Echinicola	0	0	0	0	0	0	0	0	0	0	0	50	0	0	0	0	0	0	0	0
Ectothiorhodospira	0	43	35	0	0	42	0	0	51	51	53	66	98	87	179	94	77	45	97	139
Edaphobacter	125	154	118	151	87	165	73	118	56	135	156	377	201	394	167	288	175	200	209	129
Edwardsiella	0	0	0	0	0	0	0	0	0	0	26	47	45	36	111	73	32	32	44	65
Eggerthella	0	0	0	0	0	0	0	0	0	0	64	77	55	45	52	57	42	52	50	51
Elioraea	198	150	210	288	142	341	181	178	146	194	326	269	254	151	269	253	174	180	161	214
Elstera	0	0	0	0	0	0	0	0	0	0	46	0	0	17	0	31	0	0	0	0
Embleya	180	135	71	117	127	111	153	122	140	147	83	69	54	31	37	69	44	35	70	46
Emcibacter	0	0	0	0	0	0	0	0	0	0	24	0	28	0	0	0	22	0	0	0
Endozoicomonas	0	0	0	0	0	0	0	0	0	0	35	0	0	26	0	0	51	0	0	0
Enhydrobacter	183	133	165	309	152	292	217	142	108	163	222	408	201	87	173	197	112	146	453	304
Enorma	0	0	0	0	0	0	0	0	0	0	0	0	0	0	0	0	0	20	0	0
Ensifer	357	308	388	526	280	1543	281	261	214	280	377	313	417	235	374	371	266	231	266	252
Enterobacter	122	102	72	127	101	97	73	86	71	90	108	121	131	115	207	141	123	102	122	141
Enterococcus	173	126	161	278	0	110	63	124	105	108	49	84	0	22	60	45	39	32	52	37
Enterorhabdus	0	0	0	0	0	0	0	0	0	0	0	39	0	17	0	0	19	20	0	26
Enterovibrio	0	0	0	0	0	0	0	0	0	0	0	0	0	18	0	0	24	0	0	0
Ereboglobus	0	0	0	0	0	0	0	0	0	0	0	30	0	22	31	0	0	30	29	29
Erwinia	0	0	0	0	0	45	0	40	0	0	43	35	44	53	41	50	68	32	43	48
Erythrobacter	93	98	84	108	102	138	89	71	104	100	115	132	170	76	195	142	92	80	120	118
Escherichia	0	0	0	0	0	0	0	0	0	0	38	33	0	48	54	31	67	22	0	32
Estrella	0	0	0	0	0	0	0	0	0	0	0	0	0	0	0	0	24	0	0	0
Ethanoligenens	0	0	0	0	0	0	0	0	0	0	0	0	0	0	0	0	0	18	0	0
Eubacterium	0	0	0	0	0	0	0	0	0	0	0	30	0	19	0	0	28	27	0	0
Euzebya	0	45	62	51	0	53	46	43	0	0	182	144	83	69	83	103	92	71	79	82
Exiguobacterium	0	0	90	0	0	0	0	0	0	0	32	0	0	24	0	0	20	21	0	0
Extensimonas	0	0	0	0	0	0	0	0	0	0	42	0	37	19	72	50	35	30	26	45
Fabibacter	0	0	0	0	0	0	0	0	0	0	0	43	0	0	0	0	0	0	0	0
Faecalibacterium	0	0	0	0	0	0	0	0	0	0	31	32	0	35	0	44	23	22	28	25
Ferrimonas	0	0	0	0	0	0	0	0	0	0	31	46	60	58	102	72	40	43	67	55
Ferriphaselus	0	0	37	0	0	49	62	0	47	0	30	28	42	37	83	43	47	33	37	39
Fibrella	0	0	0	0	0	0	0	0	0	0	0	84	31	27	0	38	22	18	35	0
Fibrisoma	0	0	0	0	0	0	0	0	0	0	0	48	0	0	0	45	0	0	0	0
Fibrobacter	0	0	0	0	0	0	0	0	0	0	0	0	0	24	0	0	20	26	0	0
Filimonas	150	70	74	91	97	202	45	53	89	93	0	92	0	0	0	0	0	0	36	0
Filomicrobium	124	90	154	326	146	343	0	68	0	113	25	0	31	0	0	0	0	0	0	41
Fimbriimonas	0	0	0	0	0	0	0	0	0	0	49	61	33	47	53	45	31	31	39	39
Fischerella	0	0	0	0	0	0	0	0	0	0	0	0	31	17	153	34	62	20	49	64
Flavisolibacter	112	44	63	54	87	160	0	44	86	86	0	77	0	0	0	0	0	0	0	0
Flavobacterium	103	77	112	86	109	156	93	97	119	108	55	272	52	39	34	104	84	28	53	46
Flexibacter	0	0	0	0	0	45	0	0	0	0	0	56	0	0	0	0	0	0	0	0
Fluoribacter	0	0	0	0	0	0	0	0	0	0	26	0	0	0	0	0	23	0	0	0
Fontimonas	63	69	51	0	65	59	0	41	70	64	34	72	218	72	277	177	85	66	113	161
Francisella	0	0	0	0	0	0	0	0	0	0	0	0	0	0	0	0	24	0	0	0
Frankia	1059	738	766	870	784	838	888	809	843	865	1059	892	553	395	607	715	477	508	707	615
Frateuria	159	112	78	119	133	135	107	115	137	159	114	210	479	172	519	346	186	186	218	288
Friedmanniella	178	103	88	118	118	109	129	110	111	134	162	117	86	50	58	133	49	86	89	81
Frigoribacterium	0	46	42	65	52	0	52	46	64	60	76	59	42	35	55	54	31	49	52	52
Frondihabitans	0	0	0	0	0	0	0	0	0	0	33	29	32	31	0	30	23	27	25	26
Fuerstia <planctomycetes>	0	0	0	0	0	0	0	0	0	0	0	28	0	28	0	0	21	0	0	0
Fulvimarina	0	0	0	0	0	0	0	0	0	0	0	0	0	0	0	0	0	18	0	0
Fulvimonas	102	78	43	71	76	53	56	63	100	81	71	103	213	77	294	236	111	109	146	139
Geitlerinema	0	0	0	0	0	0	0	0	0	0	0	28	0	21	0	0	23	36	0	0
Geminicoccus	89	71	94	92	83	137	82	67	78	100	248	113	158	71	167	140	96	98	90	106
Gemmata	216	288	482	393	336	503	331	815	207	328	425	469	346	343	310	488	404	280	342	288
Gemmatimonas	127	125	132	119	205	169	183	129	148	266	632	492	790	489	825	546	695	163	570	467
Gemmatirosa	415	553	534	489	636	655	655	544	532	1047	2053	1840	2864	1591	3218	2358	2129	788	1935	1664
Gemmobacter	0	47	56	58	0	79	0	0	0	47	73	47	47	38	54	43	47	39	41	46
Geoalkalibacter	0	0	0	0	0	45	0	0	0	0	51	89	41	48	71	60	54	46	47	56
Geobacillus	60	0	0	71	0	49	0	0	0	45	62	113	58	60	44	71	47	74	76	48
Geobacter	244	242	452	336	277	398	225	237	337	334	772	950	614	712	669	924	613	743	663	546
Geodermatophilus	853	623	567	692	566	588	731	558	658	688	866	758	465	326	562	713	404	388	544	488
Georgenia	0	0	0	0	0	0	0	0	0	0	38	29	0	17	0	0	0	0	24	0
Geothermobacter	0	0	0	0	0	0	0	0	0	0	33	43	32	36	44	79	20	38	24	25
Geothrix	0	0	60	77	50	79	0	41	0	75	165	226	111	140	137	446	148	145	133	116
Gilliamella	0	0	0	0	0	0	0	40	0	0	25	0	0	0	0	0	27	0	0	0
Gilvimarinus	0	0	0	0	0	0	0	0	0	0	28	0	0	0	0	0	41	0	0	0
Gloeobacter	0	63	62	65	54	67	0	71	53	70	90	156	94	83	113	132	84	111	104	77
Gluconacetobacter	0	0	0	0	42	0	0	0	0	0	45	41	47	30	51	49	28	32	38	33
Gluconobacter	0	0	0	0	0	0	0	0	0	0	27	0	0	21	0	0	0	0	0	24
Glycomyces	290	199	216	228	236	232	284	195	314	264	261	309	186	135	181	256	159	185	228	176
Gordonia	184	179	140	176	135	222	154	161	161	185	215	199	139	87	128	165	115	133	161	109
Gordonibacter	0	0	0	0	0	0	0	0	0	0	67	81	54	43	62	66	43	46	70	52
Gramella	0	0	0	0	0	0	0	0	0	0	0	48	0	0	0	0	0	0	0	0
Granulibacter	0	0	0	0	0	0	0	0	0	0	25	0	34	20	0	0	19	0	0	0
Granulicella	69	88	57	82	51	74	0	71	51	73	106	254	110	151	117	188	102	143	123	120
Granulicoccus	0	0	0	0	0	0	0	0	0	0	0	0	0	19	0	0	0	0	0	0
Gryllotalpicola	0	0	0	0	0	0	0	0	0	0	0	0	0	0	0	0	0	24	0	0
Gynuella	0	0	0	0	0	0	0	0	0	0	0	0	0	0	0	0	22	0	0	0
Haemophilus	0	0	49	0	0	0	0	72	0	0	44	0	0	21	0	0	54	0	0	0
Hahella	0	0	0	0	0	0	0	0	0	0	0	0	0	17	0	0	23	18	0	0
Halegenticoccus	0	0	0	0	0	0	0	0	0	0	38	35	0	21	0	0	19	19	24	0
Haliangium	281	224	314	227	192	543	257	216	298	293	281	356	281	206	343	483	192	252	233	248
Haliea	0	0	0	0	0	0	0	0	0	0	0	0	38	17	75	0	23	0	31	33
Halioglobus	0	0	0	0	0	0	0	0	0	0	24	0	56	29	50	35	26	25	0	0
Haloarchaeobius	0	0	0	0	0	0	0	0	0	0	0	0	0	0	0	0	0	21	0	0
Haloarcula	0	0	0	0	0	0	0	0	0	0	31	0	0	17	0	0	0	20	0	0
Halobacterium	0	0	0	0	0	0	0	0	0	0	38	57	0	49	0	33	26	33	43	40
Halobellus	0	0	0	0	0	0	0	0	0	0	0	32	0	0	0	0	0	0	33	28
Halobiforma	0	0	0	0	0	0	0	0	0	0	0	0	0	18	0	0	0	0	0	0
Haloferax	0	0	0	0	0	0	0	0	0	0	64	61	38	40	30	42	32	30	48	58
Halomicrobium	0	0	0	0	0	0	0	0	0	0	0	0	0	18	31	0	0	21	37	24
Halomonas	722	708	640	676	605	769	611	575	677	783	853	966	1468	805	2364	1466	958	806	1189	1409
Halopiger	0	0	0	0	0	0	0	0	0	0	46	57	36	45	33	49	27	33	59	51
Haloplanus	0	0	0	0	0	0	0	0	0	0	46	34	0	32	0	0	20	22	34	23
Halopolyspora	305	49	0	0	86	0	0	0	0	0	29	28	29	0	0	0	19	25	0	54
Halorhodospira	0	0	0	0	0	0	0	0	0	47	53	72	114	74	220	97	81	57	78	113
Halorientalis	0	0	0	0	0	0	0	0	0	0	0	29	0	30	0	0	0	0	24	0
Halorubrum	0	49	53	58	0	71	50	38	49	52	153	171	113	110	94	92	96	92	128	103
Halorussus	0	0	0	0	0	0	0	0	0	0	0	0	0	0	0	0	0	20	0	0
Halotalea	0	42	0	49	53	56	0	0	0	48	48	64	85	46	161	83	63	37	68	73
Haloterrigena	0	0	0	0	0	0	0	0	0	0	42	34	0	23	0	0	0	19	0	0
Halothiobacillus	0	0	0	0	0	0	0	0	0	0	0	0	48	34	52	30	38	19	33	33
Hamadaea	89	74	72	77	72	79	97	65	66	89	78	55	63	24	37	92	23	30	43	34
Harryflintia	0	0	0	0	0	0	0	0	0	0	26	28	0	0	32	45	0	0	28	0
Hartmannibacter	65	64	64	94	51	91	0	50	0	50	40	58	46	19	43	58	37	39	36	32
Helicobacter	0	0	0	0	0	0	0	0	0	0	60	0	0	28	0	0	39	0	0	0
Heliobacterium	0	0	0	0	0	0	0	0	0	0	30	39	0	0	0	0	0	24	0	0
Henriciella	0	0	39	0	0	68	0	0	0	0	33	47	69	28	50	77	27	28	35	43
Hephaestia	0	0	0	0	0	0	0	0	0	0	30	34	51	17	56	45	27	33	34	23
Herbaspirillum	189	144	116	183	127	187	176	136	204	188	131	151	245	128	270	252	157	122	156	167
Herbidospora	4700	3228	2688	3651	3415	2881	3848	3036	4008	3686	346	516	196	132	225	314	120	288	744	425
Hoeflea	172	152	180	275	158	301	159	160	126	151	174	113	204	82	148	167	117	98	94	99
Holophaga	0	0	0	0	0	0	0	0	0	0	40	68	37	42	40	112	28	56	38	44
Homo	28689	5605	2466	32588	3018	351	6087	5031	2651	1309	78	1830	439	34	273	922	52	789	1903	654
Humitalea	0	0	64	90	0	72	0	42	0	56	76	70	36	35	33	56	41	46	36	34
Hwanghaeicola	0	0	0	0	0	0	0	0	0	0	30	35	39	20	32	0	0	0	26	24
Hydrocarboniphaga	78	64	57	64	90	78	0	62	75	86	58	85	168	68	246	167	125	87	108	126
Hydrocoleum	0	0	0	0	0	0	0	0	0	0	0	0	0	0	0	0	19	0	0	0
Hydrogenibacillus	0	0	0	0	0	0	0	0	0	0	62	72	45	36	52	43	35	45	46	40
Hydrogenophaga	198	219	212	236	206	291	211	281	560	238	257	216	313	140	463	413	184	188	240	294
Hydrogenophilus	0	0	0	0	0	0	0	0	0	0	0	0	0	0	31	0	0	0	0	0
Hydrogenovibrio	0	0	0	0	0	0	0	0	0	0	33	0	0	0	0	0	38	0	0	0
Hylemonella	0	0	0	0	0	0	0	0	0	0	40	30	32	25	65	0	20	22	32	45
Hymenobacter	149	163	155	160	170	194	120	115	134	216	262	456	289	258	342	486	235	169	293	243
Hyphomicrobium	2692	1641	2746	4691	1966	4411	974	1404	652	1729	345	290	664	205	345	357	201	201	240	426
Hyphomonas	0	0	0	0	0	53	0	0	0	0	29	32	29	33	35	30	34	22	0	24
Ideonella	121	115	100	88	125	127	158	134	142	107	112	112	147	71	185	221	85	83	99	116
Idiomarina	0	0	0	0	0	0	0	0	0	0	57	0	0	45	0	0	68	0	0	0
Ignavibacterium	0	0	0	0	0	0	0	0	0	0	0	0	0	0	0	34	0	0	0	0
Immundisolibacter	105	114	64	82	77	79	82	72	99	111	92	149	275	114	398	199	137	90	192	258
Inquilinus	411	309	354	473	310	509	330	294	250	289	1162	532	670	317	622	524	412	339	363	498
Insolitispirillum	0	0	0	0	0	0	0	0	0	0	27	0	28	0	0	0	0	0	0	0
Intestinimonas	0	0	0	0	0	0	0	0	0	0	31	33	0	22	30	35	25	32	27	25
Intrasporangium	0	0	0	0	0	0	0	0	0	0	81	52	40	0	34	32	24	25	39	33
Isoptericola	84	61	50	66	62	57	76	67	66	46	82	96	78	42	54	73	43	59	76	57
Isosphaera	0	0	50	0	0	0	0	0	0	0	36	45	31	47	35	40	37	39	32	42
Janibacter	110	72	95	59	93	79	66	79	73	88	159	100	71	56	63	89	56	64	80	78
Jannaschia	0	63	48	87	61	84	0	44	0	52	68	68	59	38	63	77	43	32	51	67
Janthinobacterium	283	282	210	261	256	310	270	227	304	314	233	320	513	273	567	505	358	266	330	396
Jeongeupia	0	48	39	0	45	54	64	69	63	77	34	59	134	52	122	95	60	57	50	63
Jhaorihella	0	0	0	0	0	0	0	0	0	0	0	0	31	0	0	0	0	0	0	23
Jiangella	583	407	337	417	329	396	725	360	330	347	616	405	375	177	274	492	216	259	344	251
Kaistia	222	152	184	312	149	299	132	138	78	155	173	162	226	129	214	144	114	94	137	100
Kangiella	0	0	0	0	0	0	0	0	0	0	35	0	0	0	0	0	50	0	0	0
Kerstersia	0	0	0	0	0	58	0	0	0	0	0	0	0	0	0	0	0	0	0	0
Ketobacter	0	0	0	0	0	0	0	0	0	0	0	0	0	0	0	0	26	0	0	0
Kibdelosporangium	438	229	228	274	275	244	738	393	422	242	405	231	696	98	128	1029	71	110	122	151
Kineococcus	0	0	0	0	0	0	0	0	0	0	38	41	0	0	0	42	0	0	25	0
Kineosporia	117	94	108	106	98	110	102	102	98	109	176	154	94	68	94	175	70	79	92	90
Kingella	0	0	0	0	0	0	0	0	0	0	0	0	0	20	0	0	25	0	0	0
Kiritimatiella	0	0	0	0	0	0	0	0	0	0	42	45	29	31	38	43	40	42	25	31
Kitasatospora	828	575	511	616	593	527	688	496	649	635	301	316	223	110	151	344	147	191	297	233
Klebsiella	95	84	58	88	77	95	96	71	88	86	74	109	151	100	181	123	90	71	118	129
Kocuria	160	112	103	113	118	128	118	104	132	118	154	130	77	67	126	142	93	110	135	122
Komagataeibacter	62	41	50	64	47	85	46	42	53	61	92	88	75	59	101	95	47	57	74	89
Kordiimonas	0	0	0	0	0	0	0	0	0	0	0	0	0	27	30	0	21	0	0	0
Kosakonia	0	0	0	0	0	0	0	0	0	0	0	0	0	22	0	0	22	0	0	0
Krasilnikoviella	0	0	0	0	0	0	0	0	0	0	24	33	0	0	0	0	0	18	0	0
Kribbella	136	63	69	70	72	76	84	68	57	86	114	168	205	28	30	254	43	42	55	39
Ktedonobacter	73	53	39	49	43	0	0	40	0	0	32	51	28	38	32	43	31	34	36	32
Kushneria	0	0	0	0	0	0	0	0	0	0	31	29	64	32	88	54	44	29	56	61
Kutzneria	413	225	168	226	200	180	244	204	230	224	209	122	285	62	80	453	65	77	110	91
Kyrpidia	0	0	0	0	0	0	0	0	0	0	25	29	0	25	0	0	0	27	0	0
Kytococcus	0	42	47	49	41	45	0	41	0	47	57	68	36	28	0	54	32	29	43	44
Labrenzia	58	48	71	109	60	119	47	51	46	55	59	47	69	45	55	37	54	45	36	34
Lactobacillus	116	79	70	110	56	45	48	73	50	0	115	105	52	94	64	73	104	70	81	62
Lacunisphaera	57	62	54	73	60	58	0	40	0	55	77	116	119	81	110	139	72	100	100	85
Lamprocystis	0	0	38	0	0	0	0	0	0	49	33	44	82	60	157	85	65	44	81	91
Laribacter	0	0	0	0	0	0	0	0	0	0	0	0	33	23	58	39	32	0	37	25
Larkinella	0	0	0	0	0	0	0	0	0	0	0	29	0	0	0	0	0	0	0	0
Lautropia	0	0	0	0	0	0	0	0	0	0	24	0	38	34	49	48	0	18	26	0
Lechevalieria	309	215	151	183	154	163	247	197	219	188	219	133	275	67	141	362	65	94	138	116
Legionella	78	301	407	0	106	1298	192	626	193	0	409	104	48	203	131	68	607	46	51	58
Leifsonia	130	131	126	102	108	118	128	112	135	135	172	130	113	72	131	172	78	87	117	135
Leisingera	75	67	82	104	56	113	46	62	0	48	80	67	89	43	119	82	41	54	65	88
Lentzea	475	379	251	366	291	325	555	317	328	315	413	325	460	140	194	688	148	175	256	198
Leptolyngbya	0	0	0	0	41	0	0	0	0	0	0	36	29	25	0	34	51	49	0	30
Leptonema	0	0	53	0	0	0	0	0	0	0	0	0	0	0	0	0	0	0	0	0
Leptospira	0	0	36	0	0	0	0	39	0	0	35	49	0	26	0	31	53	26	0	24
Leptospirillum	0	0	0	0	0	0	0	0	0	0	0	39	0	0	0	32	30	18	0	0
Leptothrix	89	64	51	52	70	63	93	87	86	78	64	60	107	49	127	128	61	61	68	78
Leucobacter	0	0	0	0	0	0	0	0	0	0	32	48	0	26	42	31	0	31	39	26
Levilinea	0	0	0	0	0	0	0	0	0	0	44	31	0	32	0	30	20	0	34	26
Lewinella	0	0	0	0	0	0	0	0	0	0	24	65	29	26	51	47	28	20	26	35
Limimaricola	0	0	0	0	0	0	0	0	0	0	55	0	29	27	44	0	19	0	0	27
Limimonas	0	50	57	57	45	73	0	0	0	0	157	80	92	70	100	124	78	71	69	51
Limnochorda	0	0	77	55	0	52	0	0	0	51	189	299	133	121	139	197	130	148	200	150
Loktanella	64	53	60	82	50	71	48	49	49	54	28	73	34	39	37	70	26	45	55	39
Longilinea	0	0	0	0	0	0	0	0	0	0	51	47	0	25	0	30	23	22	31	28
Longispora	127	93	76	89	78	61	75	64	68	76	43	51	44	21	0	37	24	28	35	34
Luteibacter	208	223	129	156	233	205	199	157	206	252	180	306	679	202	858	521	318	225	394	478
Luteimonas	285	204	193	200	227	246	321	279	296	286	235	357	743	265	884	610	352	293	424	500
Luteipulveratus	0	0	0	0	0	0	0	0	0	0	34	0	0	0	0	0	21	0	0	0
Luteitalea	608	1321	518	912	980	1258	585	612	620	789	1237	1872	2071	759	1518	2685	671	1135	1232	1289
Lyngbya	0	0	0	0	0	0	0	0	0	0	0	0	0	0	0	0	31	0	0	0
Lysinimicrobium	123	87	95	100	98	110	83	89	101	102	165	123	128	83	145	150	104	114	142	116
Lysobacter	1216	1229	865	1031	1229	1134	1074	1019	1456	1417	958	1657	3786	1303	3466	2556	1680	1405	1645	1914
Macromonas	0	0	0	0	0	0	0	0	0	0	35	30	31	21	55	39	24	24	36	27
Magnetospira	0	0	0	0	0	0	0	0	0	0	28	0	0	0	0	0	0	0	0	0
Magnetospirillum	197	191	175	203	159	265	196	150	137	202	442	245	239	162	242	235	172	150	157	169
Maribacter	0	0	0	0	0	0	0	0	0	0	0	41	0	0	0	0	0	0	0	0
Maricaulis	0	0	0	0	0	0	0	0	0	0	26	38	43	0	85	47	27	0	35	43
Marichromatium	116	101	75	108	110	109	104	87	117	120	124	183	377	101	522	291	132	146	248	341
Marinactinospora	155	140	110	120	132	89	129	121	154	150	35	52	35	0	0	45	34	24	47	26
Marinicella	0	0	0	0	0	0	0	0	0	0	0	0	0	0	0	0	32	0	0	0
Marinithermus	0	0	0	0	0	0	0	0	0	0	71	98	52	53	67	62	51	49	66	60
Marinobacter	165	142	132	144	146	194	150	115	187	184	225	222	321	245	485	243	280	187	268	289
Marinobacterium	0	60	0	0	65	57	50	38	53	53	92	77	104	98	147	91	105	55	71	75
Marinomonas	0	0	0	0	0	0	0	0	0	0	57	0	0	31	0	0	88	0	0	0
Marinoscillum	0	0	0	0	0	0	0	0	0	0	0	44	0	0	0	0	0	0	0	0
Marinospirillum	0	0	0	0	0	0	0	0	0	0	24	0	0	0	0	0	23	0	0	0
Marinovum	0	0	0	0	0	43	0	0	0	0	26	39	28	0	0	0	25	22	0	0
Mariprofundus	0	0	0	0	0	0	0	0	0	0	0	0	0	25	0	0	29	0	0	0
Maritimibacter	0	0	0	0	0	0	0	0	0	0	29	37	29	20	33	44	26	0	0	25
Marivirga	0	0	0	0	0	0	0	0	0	0	0	47	0	0	0	0	0	0	0	0
Marmoricola	329	215	208	218	217	210	270	241	242	225	1660	315	171	139	184	202	162	200	233	191
Martelella	90	62	71	110	62	131	59	63	0	58	72	72	71	45	59	77	59	49	45	57
Massilia	1136	991	728	925	909	975	981	867	1135	1067	912	1269	2070	920	2170	1998	1177	1041	1130	1189
Megasphaera	0	0	0	0	0	0	0	0	0	0	0	51	29	24	0	35	23	37	0	24
Meiothermus	88	86	88	94	83	111	77	102	110	98	157	214	140	91	145	189	95	137	166	152
Melaminivora	59	74	55	85	75	77	75	63	90	67	58	94	75	52	143	119	87	56	62	76
Melittangium	87	66	96	69	76	106	86	59	64	85	130	224	123	97	138	242	118	81	117	114
Mesorhizobium	1861	1465	1661	2148	1243	2715	1897	2605	1108	1433	1721	1363	1893	900	2248	1663	940	1183	1489	1916
Metallibacterium	0	54	0	56	57	42	0	41	60	55	50	83	176	61	220	112	74	56	108	140
Methanoculleus	0	0	0	0	0	0	0	0	0	0	30	57	28	37	0	40	20	37	36	32
Methanosarcina	0	0	0	0	0	0	0	0	0	0	0	0	0	20	0	0	19	0	0	0
Methanothrix	0	0	0	0	0	0	0	0	0	0	26	0	0	22	0	0	0	18	0	0
Methylibium	372	280	257	260	265	306	308	285	331	338	232	287	528	191	589	563	317	242	261	352
Methylobacillus	0	0	0	0	0	0	0	0	0	0	0	0	27	20	0	0	32	0	0	0
Methylobacter	58	59	38	69	51	77	47	48	0	72	108	83	99	105	112	90	150	62	55	42
Methylobacterium	2179	1672	2311	2751	1609	2716	1415	1413	1172	1664	1761	1837	1990	1209	2115	2045	1381	1332	1441	1478
Methylocaldum	0	68	61	0	55	60	49	44	54	63	57	109	155	82	191	98	108	97	64	118
Methylocapsa	0	55	52	81	0	87	0	52	0	0	40	44	51	25	60	41	38	37	38	44
Methyloceanibacter	310	317	213	273	140	519	223	230	149	78	45	125	110	52	89	70	154	91	58	59
Methylocella	0	0	37	0	0	52	0	0	0	0	25	0	0	21	0	0	19	0	0	24
Methylococcus	75	63	54	0	52	45	0	47	48	67	45	60	137	81	185	100	69	64	76	100
Methylocystis	160	166	153	222	129	261	124	123	113	137	115	125	124	91	205	111	115	95	96	124
Methylomicrobium	0	0	0	0	43	50	0	0	0	55	57	55	116	59	151	100	105	61	53	100
Methylomonas	0	69	48	54	58	75	0	64	63	74	93	68	122	90	129	104	111	52	52	80
Methylophaga	0	0	0	0	0	0	0	0	0	0	86	0	0	36	0	0	111	0	0	0
Methylophilus	0	0	0	0	0	0	0	0	0	0	41	0	0	42	0	0	59	0	0	0
Methylorubrum	0	65	101	90	44	144	0	0	0	52	82	77	95	28	99	52	38	65	58	76
Methylosarcina	0	0	0	0	0	0	0	0	0	0	0	36	70	34	59	53	47	38	42	39
Methylosinus	187	121	150	202	126	268	80	126	72	146	117	98	111	91	147	92	91	77	102	100
Methyloversatilis	268	235	190	224	192	233	384	265	281	275	165	182	324	147	447	418	189	179	196	313
Methylovirgula	74	75	47	116	47	135	72	51	0	52	66	56	81	41	93	72	45	48	55	54
Methylovorus	0	0	0	0	0	0	0	0	0	0	0	0	0	0	33	0	21	0	0	25
Methylovulum	0	0	0	0	0	0	0	0	0	0	52	0	0	42	0	0	62	0	0	0
Microbacterium	652	472	521	555	468	540	506	495	541	550	748	811	547	407	719	717	487	451	635	580
Microbispora	5502	3779	3190	4329	4117	3621	4880	3496	4787	4494	342	605	182	131	268	342	127	293	814	431
Microbulbifer	80	87	42	80	96	93	65	67	72	93	109	102	231	113	277	195	121	83	143	164
Micrococcus	0	0	46	0	0	57	60	47	63	52	79	68	54	42	46	53	32	71	49	59
Microcystis	0	0	0	0	0	0	0	0	0	0	0	0	0	0	0	0	33	39	0	0
Microlunatus	74	56	44	0	48	54	52	53	0	52	81	47	41	27	38	46	26	28	48	32
Micromonospora	2742	1962	1645	2128	1855	1882	2233	1794	2073	1975	1342	1253	1098	570	884	1480	604	755	1142	860
Micropruina	0	0	0	0	0	0	0	0	0	0	32	0	0	0	0	0	0	19	0	0
Microterricola	0	0	0	0	0	0	0	0	0	0	44	43	36	20	44	43	0	31	35	26
Microtetraspora	7998	5525	4478	6158	5838	4792	6691	5034	6636	6255	447	807	173	147	269	326	115	406	1085	528
Microvirga	687	575	739	1205	508	1115	419	479	358	584	590	534	558	375	592	584	375	328	357	446
Microvirgula	0	43	0	0	0	44	46	0	45	0	27	36	74	34	101	70	58	32	36	51
Mitsuaria	82	72	56	64	81	89	76	56	83	55	65	79	122	40	109	112	72	79	50	72
Mitsuokella	0	0	0	0	0	46	0	0	45	0	71	110	71	54	104	77	52	66	79	76
Mizugakiibacter	219	202	101	145	186	180	158	127	186	178	139	269	624	147	888	475	253	264	342	445
Mobilicoccus	0	0	0	0	0	0	0	0	0	0	51	29	0	19	0	0	0	22	28	25
Modestobacter	165	109	91	110	104	125	116	94	130	128	133	111	77	57	95	109	57	65	97	80
Moorea	0	0	0	0	0	0	0	0	0	0	0	0	0	0	0	0	23	0	0	0
Moorella	0	0	0	0	0	0	0	0	0	0	37	58	36	26	0	33	38	38	46	41
Moraxella	0	0	0	0	0	0	0	0	0	0	57	0	0	25	30	0	82	0	0	0
Moritella	0	0	0	0	0	0	0	0	0	0	0	0	0	0	0	0	22	0	0	0
Motilibacter	66	0	46	55	50	53	52	52	60	59	62	52	36	32	70	67	34	44	44	46
Mucilaginibacter	131	84	90	112	99	170	70	93	129	132	24	303	0	23	47	76	24	19	85	40
Muricauda	0	0	0	0	0	0	0	0	0	0	0	37	0	0	0	0	0	0	0	0
Murinocardiopsis	196	126	96	142	133	118	144	119	127	174	65	60	31	26	43	58	38	43	47	51
Mycobacterium	4235	4353	1491	2986	1389	2039	2552	1607	1637	1502	1882	1780	1194	904	1279	1534	1025	1142	1349	1092
Mycobacteroides	74	53	46	0	45	0	51	118	0	0	38	47	39	27	0	42	21	38	36	36
Mycolicibacter	73	121	0	0	56	52	56	0	0	46	50	47	70	33	38	41	29	50	32	37
Mycolicibacterium	1160	1364	395	588	327	557	719	630	407	443	444	417	310	228	368	393	216	284	345	300
Mycoplana	0	44	41	72	0	49	0	39	0	0	60	30	49	19	64	35	32	20	37	34
Mycoplasma	0	0	0	0	0	0	0	0	0	0	26	0	0	0	0	0	0	0	0	0
Myxococcus	475	519	539	545	523	720	503	478	453	644	865	1320	957	609	901	1678	803	778	736	687
Nakamurella	153	101	99	111	89	114	92	85	105	102	118	122	67	44	88	116	63	74	87	80
Nannocystis	534	317	282	295	287	410	285	258	260	265	328	520	441	247	446	539	262	327	312	316
Natronorubrum	0	0	0	0	0	0	0	0	0	0	0	0	0	0	0	0	0	18	0	0
Neisseria	72	60	78	70	72	78	77	75	76	85	126	102	89	106	145	97	138	63	76	85
Neomegalonema	0	0	0	0	0	0	0	0	0	0	0	0	0	0	0	0	22	0	0	0
Neorhizobium	64	48	60	72	55	114	0	45	0	48	37	56	64	27	70	45	43	31	44	57
Neptunomonas	0	0	0	0	0	0	0	0	0	0	0	0	0	0	0	0	28	0	0	0
Nesterenkonia	0	0	0	0	0	0	0	0	0	0	27	0	0	0	0	0	0	0	0	0
Nevskia	164	152	70	117	126	109	117	80	153	162	120	166	389	130	480	300	163	157	222	239
Niabella	265	135	149	150	196	346	112	106	279	247	0	228	46	0	0	57	0	31	111	52
Niastella	1299	633	539	987	610	1007	350	656	973	841	93	1071	97	29	175	97	37	41	874	270
Nisaea	0	0	0	0	0	76	0	0	0	0	74	41	29	21	36	31	27	23	0	25
Nitratireductor	139	104	134	201	114	200	146	162	2613	126	88	87	130	60	148	84	85	53	82	110
Nitriliruptor	0	0	58	0	0	47	45	47	0	54	184	173	108	80	135	147	127	75	100	105
Nitrobacter	119	115	100	195	89	166	373	60	62	78	54	64	97	60	93	48	55	53	179	496
Nitrococcus	0	0	0	0	0	0	0	0	0	0	0	0	47	38	67	43	21	31	33	50
Nitrosococcus	0	0	0	0	0	0	0	0	0	0	74	0	0	52	34	0	94	18	0	30
Nitrosomonas	0	55	51	88	73	72	69	99	81	62	185	66	44	126	99	114	234	33	35	43
Nitrosopumilus	0	0	40	0	0	0	0	0	0	0	227	327	122	291	347	0	260	221	122	126
Nitrososphaera	222	196	510	261	525	780	201	5248	219	543	1010	2943	495	285	253	744	698	187	372	1495
Nitrosospira	115	145	106	120	94	108	132	109	82	128	108	110	146	151	244	234	148	80	135	167
Nitrosovibrio	72	57	53	52	60	45	90	63	59	62	41	46	79	35	131	84	56	62	44	67
Nitrospina	0	0	0	0	0	0	0	0	0	0	51	77	49	47	52	49	46	60	48	54
Nitrospira	3681	4329	2090	2835	3829	4114	3917	2667	3790	6271	2297	3325	5008	2332	2481	8230	2900	3087	1344	1610
Nitrospirillum	0	62	49	60	44	62	0	0	46	0	119	67	72	60	110	112	53	40	69	51
Niveispirillum	0	49	0	0	42	49	0	0	0	0	72	46	72	30	59	62	62	35	59	45
Nocardia	1193	846	537	682	711	1061	760	693	705	667	579	557	494	330	507	735	285	380	417	419
Nocardioides	1163	888	884	885	786	816	1046	1229	886	957	6031	1055	677	588	728	920	580	630	831	703
Nocardiopsis	1313	822	728	940	861	753	966	729	982	898	374	559	238	147	202	336	190	325	354	267
Nodosilinea	0	0	0	0	0	0	0	0	0	0	28	33	0	0	0	32	0	21	0	0
Nonomuraea	22358	15767	12232	17213	16038	13471	18493	13843	18422	17005	1426	2281	837	437	944	1361	481	1123	3142	1776
Nostoc	103	127	99	133	81	130	85	100	61	89	75	105	114	91	119	137	143	131	82	73
Noviherbaspirillum	249	233	171	225	168	225	261	216	253	280	166	180	347	201	399	361	226	171	208	260
Novispirillum	0	0	0	0	0	0	0	0	0	0	24	0	0	0	0	0	0	0	0	0
Novosphingobium	264	303	226	338	277	392	239	228	255	299	280	348	459	271	452	438	302	268	341	322
Oceanicaulis	0	0	0	0	0	0	0	0	0	0	32	33	29	21	52	37	21	0	36	41
Oceanicella	131	91	107	182	114	194	108	87	76	130	163	163	141	105	162	132	107	91	102	127
Oceanicola	0	0	51	55	0	61	0	38	0	0	44	64	66	33	55	49	27	45	52	48
Oceanimonas	0	0	0	0	0	0	0	0	0	0	0	0	0	24	48	32	22	0	36	32
Oceanithermus	0	0	44	0	0	0	0	0	0	46	96	146	92	67	96	102	93	82	115	84
Ochrobactrum	129	43	58	52	55	295	0	71	87	59	42	44	40	20	47	38	33	19	0	40
Oerskovia	0	0	0	0	0	0	0	0	0	0	25	33	0	0	0	0	0	0	25	0
Ohtaekwangia	58	42	49	77	59	64	91	64	61	64	0	985	0	0	0	157	0	0	33	24
Oleiagrimonas	0	64	37	0	83	72	49	50	80	65	43	68	176	85	271	158	69	67	110	135
Oleiphilus	0	0	0	0	0	0	0	0	0	0	0	0	0	0	0	0	25	0	0	0
Oligella	0	0	0	0	0	0	0	0	0	0	0	0	0	0	0	0	19	0	0	0
Oligotropha	204	53	76	82	48	100	0	0	50	0	25	43	60	29	47	32	37	25	42	48
Olsenella	0	59	66	0	58	72	0	41	46	63	163	180	99	129	143	179	89	141	148	137
Opitutus	141	160	123	140	160	197	122	170	132	174	203	316	337	181	351	445	214	241	323	277
Ornithinimicrobium	64	0	38	49	44	61	50	42	52	59	80	51	46	35	40	66	26	41	45	59
Orrella	0	0	38	50	0	42	47	0	48	0	24	35	44	0	49	60	23	38	25	36
Oscillatoria	0	0	0	0	0	0	0	0	0	0	24	44	0	0	0	0	19	0	0	0
Oscillibacter	0	0	0	0	0	0	0	0	0	0	42	61	32	30	0	41	43	22	43	0
Oscillochloris	0	0	0	0	0	0	0	0	0	0	31	39	0	21	0	0	19	0	0	0
Ottowia	0	0	43	51	0	51	0	40	0	54	46	44	34	44	78	49	32	30	27	60
Pacificimonas	0	0	0	0	0	0	0	0	0	0	0	0	0	0	0	0	20	0	0	0
Paenibacillus	384	462	501	468	368	431	386	406	436	404	509	881	507	521	577	653	579	633	582	596
Paludibacterium	0	0	0	0	0	0	0	0	0	0	0	0	43	19	36	0	0	26	0	0
Paludisphaera	167	179	237	185	130	198	147	136	103	168	279	304	235	224	192	321	232	224	224	191
Pandoraea	314	301	204	287	281	315	270	234	308	282	209	291	505	251	586	502	251	259	295	374
Pannonibacter	125	76	165	214	116	239	103	97	82	119	104	83	106	45	112	96	55	59	66	65
Pantoea	0	43	40	53	44	57	0	46	45	62	60	67	70	67	128	66	89	31	79	67
Parabacteroides	0	0	0	0	0	45	0	0	49	0	0	70	0	0	0	40	27	0	35	0
Paraburkholderia	1412	1362	1041	1212	1308	1438	1365	1180	1326	1415	1201	1573	2436	970	3135	2309	1411	1156	1674	1982
Parachlamydia	0	0	0	0	0	0	0	127	0	0	0	0	0	0	0	0	91	0	0	0
Paracoccus	372	317	495	413	322	453	279	287	253	330	391	388	386	259	436	407	290	272	316	315
Paraglaciecola	0	0	0	0	0	0	0	0	0	0	0	0	0	0	0	0	22	0	0	0
Paraoerskovia	0	0	0	0	0	0	0	0	0	0	26	0	0	0	0	0	0	0	0	0
Parapedobacter	0	0	0	0	0	0	0	0	0	0	0	39	0	0	0	0	0	0	0	0
Pararhodospirillum	0	0	0	0	0	0	0	0	0	0	32	0	0	25	0	32	0	19	0	0
Parvibaculum	0	64	49	77	0	97	0	56	0	45	41	32	58	32	82	54	40	34	29	32
Pasteurella	0	0	0	0	0	0	0	0	0	0	0	0	0	0	0	0	26	0	0	0
Patulibacter	57	90	73	57	42	113	101	90	74	55	158	121	95	97	138	116	73	179	205	135
Paucibacter	0	0	0	0	0	0	0	0	0	0	0	0	0	22	0	0	0	0	0	0
Pectobacterium	0	0	0	0	0	0	0	0	0	0	37	0	0	49	42	34	63	21	30	37
Pedobacter	183	81	121	112	163	277	90	110	173	174	35	401	0	35	38	102	41	18	83	50
Pelagibaca	0	0	41	0	0	74	0	0	0	0	18	41	41	21	56	42	19	11	42	41
Pelagibacterium	0	0	0	0	0	0	0	0	0	0	0	0	0	19	0	0	0	20	0	30
Pelobacter	0	0	46	56	0	55	0	0	0	46	89	143	58	94	79	131	93	80	87	71
Pelodictyon	0	0	0	0	0	0	0	0	0	0	0	0	0	0	0	0	0	18	0	0
Pelolinea	0	0	0	0	0	0	0	0	0	0	0	28	0	0	0	0	0	0	0	0
Pelomonas	188	186	164	191	180	222	180	178	213	211	186	226	432	163	461	410	250	213	239	251
Phaeobacter	0	0	35	0	0	51	0	0	0	0	37	36	51	40	38	30	31	28	26	40
Phaeospirillum	0	0	0	0	0	0	0	0	0	0	57	35	29	17	0	0	25	0	0	23
Phenylobacterium	185	156	163	231	150	776	154	159	149	217	337	268	353	122	415	335	210	210	189	217
Phormidium	0	0	0	0	0	0	0	0	0	0	0	0	0	0	0	0	20	27	0	0
Photobacterium	0	0	0	0	0	0	0	0	0	0	56	0	0	35	0	0	66	0	0	0
Photorhabdus	0	0	0	0	0	0	0	0	0	0	29	0	0	28	0	0	50	0	0	0
Phreatobacter	208	137	200	331	160	357	99	122	73	142	94	76	117	62	74	83	65	48	58	66
Phycicoccus	182	120	122	149	130	149	152	107	160	139	298	156	103	73	112	143	88	109	139	105
Phycisphaera	0	0	49	0	0	42	0	0	0	44	108	87	71	61	57	120	83	87	76	70
Phyllobacterium	72	74	82	92	56	115	52	59	47	52	59	41	71	28	82	78	51	29	44	71
Pimelobacter	63	57	52	0	44	64	58	303	0	54	146	46	40	26	57	64	38	35	44	66
Pirellula	0	0	47	54	85	49	0	0	0	0	33	34	33	53	36	75	26	28	31	38
Piscinibacter	200	148	176	146	164	150	195	208	231	210	189	173	260	89	324	369	146	126	136	191
Piscirickettsia	0	0	0	56	0	0	0	0	0	0	41	0	0	0	0	0	62	0	0	0
Planctomyces	220	256	352	273	235	337	209	233	198	249	396	484	317	394	329	466	352	301	325	353
Planifilum	0	0	0	0	0	0	0	0	0	0	42	71	41	42	41	41	43	50	66	48
Planobispora	16612	11153	8426	12065	11214	8136	12625	9854	12945	11977	444	1126	136	125	287	278	64	491	1805	864
Plantactinospora	207	161	139	190	143	151	180	128	147	135	137	119	106	64	75	154	57	80	103	81
Plantibacter	0	0	0	0	0	0	0	0	0	0	32	41	0	17	0	0	0	26	0	0
Plasticicumulans	125	115	78	58	88	72	104	78	110	123	84	105	274	105	403	215	154	132	130	207
Pleionea	0	0	0	0	0	0	0	0	0	0	0	0	0	0	0	0	23	0	0	0
Pleomorphomonas	106	112	132	182	86	180	89	71	72	91	121	99	127	65	94	84	77	69	83	69
Pluralibacter	0	0	0	0	0	0	0	0	0	0	25	0	52	25	58	36	29	31	36	26
Polaromonas	129	130	214	171	147	180	153	120	157	177	214	188	191	162	281	221	146	174	174	163
Polymorphum	142	87	103	122	72	175	85	67	51	77	85	75	80	39	80	68	38	48	43	58
Polynucleobacter	0	0	0	0	0	0	0	38	0	0	62	0	0	26	0	0	37	0	0	0
Pontibacter	0	67	53	72	60	77	45	55	65	79	50	268	39	61	66	153	45	46	80	52
Porphyrobacter	99	91	88	119	101	135	92	87	92	115	98	111	173	73	155	174	98	74	105	131
Porphyromonas	0	0	0	0	0	0	0	0	0	0	0	40	0	17	0	0	0	19	0	0
Prauserella	145	85	73	70	83	67	114	67	86	80	142	104	173	54	82	219	64	155	82	87
Prevotella	0	0	51	0	61	74	48	48	50	49	53	122	44	51	53	69	69	40	59	51
Promicromonospora	83	0	50	53	0	44	46	38	53	46	77	60	30	32	42	44	24	43	45	50
Propionibacterium	103	58	67	96	55	62	66	56	75	89	107	120	47	50	53	66	63	42	68	68
Propionicicella	0	0	0	0	0	0	0	0	0	0	29	34	0	0	0	0	21	20	0	0
Propionivibrio	0	0	0	0	42	0	55	43	52	50	28	0	65	30	88	84	42	40	43	58
Prosthecochloris	0	0	0	0	0	0	0	0	0	0	24	34	0	21	0	42	44	44	0	0
Prosthecomicrobium	198	136	180	260	120	292	106	109	96	130	144	107	163	83	128	79	71	50	70	95
Proteiniphilum	0	0	0	0	0	0	0	0	0	0	0	29	0	0	0	0	0	0	0	0
Proteus	0	0	0	0	0	0	0	0	0	0	0	0	0	0	0	0	29	0	0	0
Providencia	0	0	0	0	0	0	0	0	0	0	24	0	0	0	0	0	34	0	0	0
Pseudacidovorax	0	48	35	0	0	43	0	0	0	52	63	41	62	34	78	79	32	30	54	51
Pseudaminobacter	0	0	44	76	0	78	0	74	0	0	35	31	31	32	0	36	29	25	28	31
Pseudarcicella	0	0	0	0	0	0	0	0	0	0	0	35	0	0	0	0	0	0	0	0
Pseudoalteromonas	0	0	74	0	0	0	0	106	0	0	172	78	27	100	41	32	250	20	29	32
Pseudoclavibacter	0	0	0	0	41	0	0	38	0	0	40	44	36	23	59	52	28	31	46	47
Pseudodesulfovibrio	0	0	0	0	0	0	0	0	0	0	50	95	55	51	62	86	49	65	62	51
Pseudoduganella	0	0	0	0	0	0	0	0	0	0	0	0	33	0	38	32	0	0	27	33
Pseudoflavonifractor	0	0	0	0	0	0	0	0	0	0	0	31	0	21	0	0	0	0	0	0
Pseudogracilibacillus	702	71	0	0	0	0	0	0	0	0	0	98	0	0	0	0	0	39	0	0
Pseudogulbenkiania	96	113	104	116	101	115	141	97	120	115	134	150	203	124	260	268	141	96	121	148
Pseudohaliea	0	0	0	0	0	0	0	0	0	0	27	40	74	21	64	51	36	27	38	54
Pseudohongiella	0	0	0	0	0	0	0	0	0	0	0	0	0	0	0	0	28	0	0	0
Pseudolabrys	573	473	444	693	301	561	416	296	226	331	220	254	305	152	327	225	316	115	184	264
Pseudomonas	4399	4460	3229	4346	3924	4389	3761	3227	4234	5181	4007	5159	7925	5218	9958	7210	5276	4168	5576	6171
Pseudonocardia	1819	1038	938	1061	973	957	1374	924	980	1107	1238	1146	1004	515	883	1340	557	806	807	752
Pseudooceanicola	80	76	78	122	75	116	55	74	52	72	73	90	105	52	93	102	62	74	64	64
Pseudorhodoferax	172	141	136	147	153	154	145	141	169	143	169	163	194	108	218	256	119	128	112	151
Pseudorhodoplanes	253	193	160	286	123	291	296	104	110	128	134	183	208	93	176	60	329	37	58	73
Pseudoroseicyclus	0	0	0	0	0	0	0	0	0	0	27	0	0	0	0	0	0	24	0	0
Pseudosporangium	98	68	60	69	55	77	71	67	62	60	74	47	40	26	35	71	19	41	35	47
Pseudoxanthobacter	98	67	90	120	61	141	53	57	54	63	137	67	84	47	87	52	56	30	58	49
Pseudoxanthomonas	513	497	372	449	473	654	462	532	624	580	416	686	1573	480	1667	1223	768	541	754	873
Psychrobacillus	119	0	0	97	0	0	0	0	0	0	0	0	0	0	0	0	0	0	0	0
Psychrobacter	0	0	0	0	0	0	0	0	0	0	55	0	0	20	0	0	84	0	0	0
Psychromonas	0	0	0	0	0	0	0	0	0	0	34	0	0	0	0	0	26	0	0	0
Pulveribacter	0	0	0	0	0	0	0	0	0	0	33	0	44	18	0	30	0	24	25	27
Pusillimonas	0	0	0	0	42	51	0	43	46	0	39	43	54	37	68	58	44	39	33	60
Raineyella	0	0	0	0	0	0	0	0	0	0	0	28	27	0	0	30	0	0	0	0
Ralstonia	596	531	400	472	486	527	536	505	541	580	391	544	888	451	1011	812	533	454	569	625
Ramlibacter	204	164	169	163	164	185	222	180	193	184	240	205	241	124	285	316	157	159	173	176
Raoultella	0	0	0	0	0	0	0	0	0	0	0	0	36	17	0	38	0	0	0	0
Rathayibacter	134	86	105	119	115	119	122	93	139	115	148	145	104	88	110	148	97	112	125	122
Reichenbachiella	0	0	0	0	0	0	0	0	0	0	0	37	0	0	0	0	0	0	0	0
Reinekea	0	0	0	0	0	0	0	0	0	0	0	0	0	19	0	0	0	0	0	0
Reyranella	236	172	162	342	213	399	233	242	183	200	206	542	170	106	163	172	101	155	661	376
Rheinheimera	0	0	0	0	0	0	0	0	0	0	0	0	0	0	0	0	37	0	0	0
Rhizobacter	490	490	404	465	414	509	514	486	534	482	399	452	802	319	852	882	475	451	406	505
Rhizobium	1939	1483	1704	2225	1455	3041	1303	1345	1187	1513	1563	1432	1781	1083	1719	1598	1102	976	1216	1366
Rhizorhabdus	0	0	0	0	0	0	0	0	0	0	36	30	35	0	38	33	23	22	32	26
Rhodanobacter	376	361	201	239	281	293	309	280	380	368	243	466	1050	405	1346	765	482	412	578	820
Rhodobacter	265	254	304	346	218	420	242	241	201	288	382	325	334	255	463	410	242	217	295	345
Rhodobium	122	81	110	128	82	180	52	93	0	58	101	77	71	32	83	64	53	49	40	54
Rhodoblastus	87	74	57	85	53	99	64	51	48	0	51	65	62	37	75	52	32	37	54	49
Rhodococcus	1029	884	637	726	695	759	824	779	788	691	939	825	730	391	622	752	529	525	657	598
Rhodoferax	106	104	102	86	100	94	94	83	97	100	173	91	129	87	185	144	111	79	104	119
Rhodomicrobium	555	394	540	801	372	811	228	309	201	298	260	156	219	82	210	156	115	93	280	180
Rhodopila	122	78	143	215	100	184	84	79	95	116	120	147	153	89	114	120	145	140	101	109
Rhodopirellula	0	0	0	0	0	0	0	0	0	0	0	30	0	27	0	35	0	0	0	0
Rhodoplanes	1441	1190	1287	2312	941	1598	1153	863	625	863	720	766	896	506	908	831	865	502	555	699
Rhodopseudomonas	889	644	758	1191	562	1022	553	562	459	598	474	550	686	334	690	569	531	346	416	441
Rhodospira	0	0	39	0	0	49	0	44	0	0	79	70	49	27	44	42	43	40	48	33
Rhodospirillum	67	98	88	126	80	127	72	79	69	73	263	159	193	84	157	178	128	114	109	119
Rhodothermus	63	79	77	87	81	94	49	72	68	102	196	296	182	181	236	279	183	175	193	175
Rhodovibrio	0	46	39	82	0	77	0	0	0	0	134	77	93	46	87	48	61	36	40	45
Rhodovulum	123	83	146	118	88	128	113	105	69	109	128	129	132	97	131	142	84	75	96	118
Rickettsia	0	0	0	0	0	0	0	0	0	0	0	46	0	0	0	0	0	0	0	0
Robiginitalea	0	0	0	0	0	0	0	0	0	0	0	28	0	25	0	0	0	0	0	0
Roseateles	0	44	0	0	44	0	57	0	0	57	44	46	70	46	78	67	51	38	55	50
Roseiarcus	122	80	109	148	81	150	61	65	67	92	99	102	119	52	155	107	77	66	88	102
Roseiflexus	0	50	35	0	0	47	0	42	0	53	78	104	71	67	68	73	49	52	66	63
Roseimicrobium	0	0	0	0	0	42	48	0	0	0	58	56	45	48	39	67	56	44	52	57
Roseivivax	0	46	71	78	60	88	48	50	0	59	70	66	95	34	86	74	56	55	55	68
Roseomonas	429	305	424	519	323	593	351	321	286	363	618	504	512	281	540	504	315	359	431	327
Roseospirillum	0	44	53	66	0	70	0	0	0	47	106	69	59	49	92	68	55	55	53	43
Roseovarius	113	107	127	171	108	191	83	88	86	107	170	123	145	96	179	131	83	90	105	163
Rubellimicrobium	0	45	62	73	51	73	0	42	0	54	85	83	77	79	91	89	66	58	81	61
Rubinisphaera	0	0	0	0	0	0	0	0	0	0	0	0	0	27	0	0	0	23	0	0
Rubricoccus	0	0	39	0	0	0	0	0	0	0	98	115	100	57	102	104	57	57	72	56
Rubritepida	102	70	86	99	61	104	61	62	51	70	135	115	110	83	155	119	73	94	86	103
Rubrivirga	93	108	123	108	93	148	100	94	78	132	288	348	343	210	433	421	256	221	292	282
Rubrivivax	102	88	69	102	84	84	113	101	110	102	93	97	145	66	244	195	96	56	121	131
Rubrobacter	100	92	169	95	65	118	105	100	99	92	271	350	176	191	240	298	212	245	311	246
Rudaea	130	166	66	85	165	131	139	131	167	118	133	189	490	130	445	370	194	207	171	264
Ruegeria	0	48	37	61	49	83	0	0	0	0	60	51	56	32	71	62	43	35	51	52
Rufibacter	0	0	0	0	0	0	0	0	0	0	0	122	0	24	0	48	28	0	33	27
Rugamonas	85	104	52	70	79	58	76	69	67	80	64	74	107	51	165	160	68	70	63	73
Ruminiclostridium	0	0	0	0	0	0	0	0	0	0	0	0	0	0	0	0	26	20	0	0
Ruminococcus	0	0	0	0	0	0	0	0	0	0	31	30	0	30	0	0	40	22	28	32
Runella	0	0	0	0	0	0	0	0	0	50	0	83	0	0	0	41	0	0	0	0
Saccharomonospora	586	319	241	296	316	266	338	228	293	281	385	289	363	136	234	514	126	379	228	233
Saccharopolyspora	3534	984	345	440	1068	346	469	374	399	377	434	351	469	239	253	688	190	344	266	593
Saccharospirillum	0	0	0	0	0	0	0	0	0	0	0	0	0	25	43	0	27	0	26	0
Saccharothrix	274	149	134	139	147	144	222	122	175	163	249	111	260	45	93	433	51	84	88	82
Sagittula	0	0	0	0	0	0	0	0	0	0	0	0	0	0	31	0	19	0	0	0
Salegentibacter	0	0	0	0	0	0	0	0	0	0	0	36	0	0	0	0	0	0	0	0
Salinarimonas	128	95	158	168	97	213	100	93	57	120	137	111	125	81	142	108	105	71	89	109
Salinibacter	0	55	69	58	51	88	51	62	82	85	209	269	202	192	246	251	172	146	201	161
Salinicola	157	173	124	160	176	186	153	126	183	188	170	235	418	188	609	356	191	170	319	376
Salinispora	511	383	359	404	424	373	448	394	443	437	259	293	173	109	156	305	117	165	217	185
Salipiger	64	48	66	74	63	74	45	46	0	0	106	91	67	48	131	105	70	88	78	60
Salmonella	0	0	0	56	0	0	0	0	0	45	34	46	35	36	50	30	54	21	36	37
Sandaracinus	261	285	321	254	297	437	471	235	352	345	368	635	455	373	495	561	283	312	351	365
Sanguibacter	62	50	46	0	52	49	60	47	67	68	93	80	54	31	49	66	38	40	56	45
Schlegelella	112	98	91	102	96	96	120	111	123	106	69	97	135	75	167	190	63	99	76	116
Schlesneria	0	0	0	0	0	0	0	0	0	0	26	38	0	31	0	44	40	21	0	0
Sciscionella	368	118	74	57	138	64	65	67	80	45	66	53	104	43	56	126	0	156	58	68
Scytonema	0	0	0	0	0	0	0	0	0	0	0	48	0	19	0	0	23	19	0	0
Sedimenticola	0	0	0	0	0	0	0	0	0	0	41	0	34	33	76	32	32	23	38	59
Sedimentitalea	0	0	0	0	0	0	0	0	0	0	0	0	0	0	31	0	0	0	0	0
Sediminibacterium	140	72	81	73	132	181	58	42	106	87	0	98	0	0	0	0	0	0	40	30
Segetibacter	0	0	0	0	0	55	0	0	0	0	0	0	0	0	0	0	0	0	0	0
Selenomonas	71	87	84	57	79	99	62	69	71	84	161	210	181	138	183	172	151	170	179	186
Serinicoccus	92	64	58	63	57	55	53	61	66	81	106	83	68	35	87	73	36	47	67	82
Serpentinomonas	0	0	0	0	0	0	0	0	0	0	0	0	0	25	43	41	36	21	0	24
Serratia	141	174	110	174	146	166	116	121	137	166	161	185	249	177	314	222	182	131	158	205
Shewanella	0	0	61	0	44	54	70	62	0	0	153	44	35	125	118	50	183	26	67	69
Shinella	77	62	82	110	61	409	76	76	71	83	135	70	90	45	84	75	46	42	58	85
Siccationidurans	0	0	0	0	0	0	0	0	0	0	0	36	0	19	0	30	0	0	0	23
Sideroxydans	0	47	0	0	0	0	0	0	0	0	0	0	41	25	51	41	20	22	24	41
Silanimonas	58	55	0	0	66	47	46	41	74	66	50	92	215	72	308	141	63	62	143	160
Silicimonas	0	0	0	0	0	43	0	0	0	0	40	29	35	30	38	34	0	0	31	31
Silvibacterium	76	96	59	78	44	76	0	64	47	80	84	216	110	154	125	150	102	129	97	105
Simkania	0	0	0	0	0	0	0	72	0	0	0	0	0	0	0	0	30	0	0	0
Simplicispira	0	0	39	0	0	0	0	48	49	0	62	52	55	38	66	69	45	29	37	34
Singulisphaera	130	157	198	152	76	151	100	117	79	114	191	223	150	167	134	222	159	170	135	137
Sinimarinibacterium	184	151	94	105	160	129	131	107	174	179	120	190	516	137	544	355	237	198	210	277
Sinomicrobium	0	0	37	0	0	0	0	0	0	0	0	0	0	0	0	0	0	0	0	0
Sinomonas	0	0	37	0	0	0	0	0	0	0	53	73	44	41	60	63	28	42	53	43
Sinorhizobium	492	387	501	720	371	1190	456	369	329	422	509	428	505	279	604	535	372	293	344	389
Sinosporangium	2404	1590	1299	1860	1712	1447	1936	1535	1968	1833	97	200	46	23	64	80	28	83	287	158
Slackia	0	0	0	0	0	0	0	0	0	0	0	29	0	18	0	0	0	0	0	0
Snodgrassella	0	0	0	0	0	0	0	0	0	0	0	0	0	0	0	0	24	0	0	0
Solimonas	639	575	283	421	570	505	409	433	552	654	449	703	1701	560	1578	1044	760	635	723	811
Solirubrobacter	568	743	681	535	325	674	976	677	466	423	1396	995	682	660	967	783	703	1242	1446	892
Sorangium	890	721	895	940	661	1053	777	658	684	867	1258	2157	1271	1086	1362	1714	994	978	1335	1318
Sphaerisporangium	3213	2250	3361	3704	4339	8073	6113	2383	3675	4934	209	309	101	85	140	309	80	176	737	500
Sphaerobacter	71	58	139	112	60	103	70	93	79	95	217	317	201	158	209	236	177	226	194	181
Sphaerotilus	108	77	75	88	69	100	94	100	91	121	122	104	168	89	195	218	100	91	89	120
Sphingobacterium	0	0	41	0	0	63	0	0	0	0	0	109	0	0	0	0	27	0	0	0
Sphingobium	323	314	340	342	316	441	290	323	290	311	353	356	462	294	476	397	383	251	373	318
Sphingomonas	1221	1240	1141	1258	1096	2099	1212	1021	1308	1290	1466	1464	2409	988	2282	2024	1406	1155	1512	1386
Sphingopyxis	276	333	261	299	310	947	284	406	280	358	337	377	625	238	584	606	436	309	344	325
Sphingorhabdus	0	0	0	0	0	0	0	0	0	0	0	0	29	0	30	0	27	0	0	0
Sphingosinicella	0	58	0	51	43	62	0	0	59	0	54	47	78	22	88	57	53	32	40	38
Spiribacter	139	109	86	110	116	130	118	99	120	130	142	212	378	175	727	332	150	161	298	415
Spirochaeta	0	0	0	0	0	0	0	0	0	0	49	50	29	35	32	38	45	29	41	31
Spirosoma	94	82	76	78	86	108	62	57	77	92	44	284	51	47	52	161	49	55	84	56
Spongiibacter	0	0	0	0	0	0	0	0	0	0	0	0	0	21	0	0	28	0	0	0
Sporichthya	256	50	56	0	0	0	0	0	57	0	77	79	60	30	70	61	40	43	52	54
Sporocytophaga	0	0	0	0	0	0	0	0	0	0	0	52	0	0	0	0	0	0	0	0
Stackebrandtia	63	48	40	58	43	50	45	0	59	55	47	43	45	23	33	50	0	24	35	30
Staphylococcus	0	0	0	0	0	0	0	38	0	0	0	0	0	0	0	0	28	0	0	0
Stappia	250	183	222	368	180	320	174	172	83	167	206	162	170	105	212	165	119	96	141	148
Starkeya	141	108	126	176	83	165	90	90	58	102	117	74	105	67	96	85	72	45	68	59
Stenotrophomonas	461	405	271	351	384	465	345	413	503	502	344	493	1075	473	1262	789	460	438	623	698
Steroidobacter	3115	2630	718	1475	2019	2096	1222	1253	2294	2685	1189	2477	8360	3618	6085	4591	4013	3405	1726	2012
Sterolibacterium	0	0	0	0	0	0	0	0	0	0	0	0	28	25	0	0	0	0	0	0
Stigmatella	85	88	92	104	94	145	83	78	91	115	171	225	176	127	176	322	142	133	138	126
Streptacidiphilus	516	307	326	412	400	336	396	303	372	381	315	257	186	97	165	255	164	154	230	201
Streptococcus	163	53	0	118	0	0	0	0	0	0	36	49	0	20	0	0	38	46	0	0
Streptomyces	31933	21250	18828	24165	22329	19461	24862	20881	25288	23771	10037	11110	7035	4816	6709	9665	4866	6239	9800	7506
Streptosporangium	137701	93801	70052	102253	95084	67325	106246	82135	108911	99210	3656	9292	754	768	2497	2036	407	4290	14660	6997
Sulfitobacter	58	60	74	80	45	112	0	54	0	55	56	66	60	59	77	73	44	40	48	55
Sulfuricaulis	120	109	138	100	98	115	114	75	96	113	88	136	246	130	471	227	138	139	201	246
Sulfuricella	0	0	46	0	50	54	65	0	56	62	31	38	45	41	59	56	38	39	43	48
Sulfuriferula	0	0	0	0	0	0	0	0	0	0	0	0	0	0	40	30	0	0	0	25
Sulfurifustis	218	215	249	219	167	194	224	197	221	239	211	301	625	189	1065	639	282	324	415	588
Sulfurisoma	142	122	116	80	117	94	184	165	138	133	86	109	143	65	216	200	86	84	101	128
Sulfuritalea	91	61	65	59	81	79	124	80	107	87	52	56	103	47	99	125	64	65	46	54
Sutterella	0	0	0	0	42	56	46	41	64	46	35	62	108	39	110	85	51	40	54	81
Symbiobacterium	0	0	47	0	0	43	0	0	0	0	146	206	98	82	106	147	104	131	122	141
Synechococcus	57	88	85	84	83	123	82	58	79	96	211	284	178	162	180	232	176	209	173	156
Syntrophobacter	0	0	0	0	0	0	0	0	0	0	69	81	54	55	44	62	58	71	54	38
Syntrophus	0	0	0	0	0	0	0	0	0	0	30	42	0	26	0	43	25	38	25	0
Taibaiella	0	0	0	0	0	89	0	0	0	0	0	45	0	0	0	0	0	0	0	0
Tamilnaduibacter	0	0	0	0	0	0	0	0	0	0	0	0	38	17	31	0	0	22	0	0
Tannerella	0	0	0	0	0	0	0	0	0	0	0	0	0	17	0	33	0	0	0	0
Tardibacter	0	0	0	0	0	0	0	0	0	0	0	0	32	0	35	0	0	0	0	23
Tardiphaga	213	142	152	273	138	242	119	87	91	129	99	73	94	51	110	101	72	54	61	74
Tatlockia	0	0	0	0	0	0	0	0	0	0	0	0	0	0	0	0	38	0	0	0
Telmatospirillum	0	0	36	0	0	47	0	0	0	0	73	29	40	24	40	35	45	31	25	0
Tenacibaculum	0	0	0	90	0	0	0	0	0	0	0	0	0	0	0	0	0	0	0	0
Tepidimonas	0	41	0	0	47	43	51	38	59	0	49	72	89	37	139	90	39	49	59	77
Tepidiphilus	78	53	54	62	49	56	101	63	67	82	63	93	142	64	237	155	72	80	107	158
Teredinibacter	0	0	0	0	0	0	0	0	0	0	27	0	0	29	0	0	45	0	0	0
Terrabacter	0	0	0	0	0	0	0	0	0	0	94	81	36	27	58	56	31	41	36	35
Terracidiphilus	0	60	0	0	0	43	0	0	0	0	46	127	53	78	45	101	50	51	63	43
Terriglobus	83	102	74	74	63	97	0	76	45	83	90	237	127	143	87	175	110	140	98	84
Terrimonas	188	149	134	95	177	234	88	84	216	149	0	156	54	0	46	38	0	0	61	31
Tessaracoccus	64	42	41	55	42	55	55	44	56	61	119	67	55	45	62	58	35	56	62	71
Tetrasphaera	154	109	111	102	90	121	115	111	123	118	196	144	72	58	106	111	80	76	103	97
Thalassobaculum	170	112	145	164	110	242	128	101	87	106	277	156	162	106	152	159	119	124	95	91
Thalassomonas	0	0	0	0	0	0	0	0	0	0	33	0	0	19	0	0	35	0	0	0
Thalassospira	0	0	0	0	0	0	0	0	0	0	30	0	0	34	0	30	32	0	0	0
Thalassotalea	0	0	0	0	0	0	0	0	0	0	0	0	0	0	0	0	26	0	0	0
Thauera	648	514	464	518	467	545	792	633	661	564	454	574	854	325	1301	1084	500	557	550	755
Thermacetogenium	0	0	0	0	0	0	0	0	0	0	0	0	0	19	0	0	20	0	0	0
Thermaerobacter	67	61	115	86	70	114	58	62	72	87	370	532	257	238	283	393	231	208	382	313
Thermanaerovibrio	0	0	0	0	0	0	0	0	0	0	33	29	0	0	0	0	0	26	30	0
Thermithiobacillus	0	41	66	58	52	61	64	43	52	81	81	123	178	68	270	157	82	88	126	162
Thermoactinospora	2503	1708	1403	1963	1928	1565	2169	1587	2117	2005	170	287	93	54	128	172	63	149	384	203
Thermoanaerobaculum	0	0	0	0	0	43	0	0	0	0	88	144	66	61	65	186	68	96	80	63
Thermobacillus	0	0	0	0	0	0	0	0	0	0	44	64	52	40	53	41	41	33	32	35
Thermobifida	347	240	210	295	257	237	279	255	281	308	94	117	68	45	66	85	31	73	99	71
Thermobispora	803	525	492	624	571	549	670	532	647	689	92	126	49	41	45	89	29	58	163	90
Thermococcus	0	0	0	0	0	0	0	0	0	0	36	48	0	31	0	0	21	27	34	24
Thermocrispum	142	66	57	66	68	69	80	65	69	75	124	69	117	22	63	178	47	72	68	59
Thermodesulfovibrio	0	0	0	0	0	0	0	0	0	0	0	0	0	17	0	0	0	22	0	0
Thermoflexus	0	0	42	0	0	47	0	0	0	0	137	187	89	97	90	110	76	102	158	132
Thermogemmatispora	0	0	0	0	0	0	0	0	0	0	26	48	29	31	32	0	19	43	39	27
Thermogutta	0	0	0	0	0	0	0	0	0	0	0	28	0	31	0	0	30	29	0	0
Thermoleophilum	83	111	89	97	47	110	201	119	54	46	263	148	106	122	204	108	115	187	300	123
Thermomicrobium	0	0	0	0	0	0	0	0	0	0	65	68	49	41	53	61	38	43	48	54
Thermomonas	111	101	81	82	81	103	85	97	184	106	90	135	261	113	373	249	124	109	159	235
Thermomonospora	321	197	187	216	245	194	256	166	255	208	75	63	40	19	47	60	23	56	90	41
Thermopetrobacter	0	0	57	52	0	45	0	0	0	0	25	0	0	0	40	0	25	0	24	30
Thermotoga	0	0	0	0	0	0	0	0	0	0	0	0	0	0	0	0	0	20	0	0
Thermus	0	51	143	96	72	128	84	65	107	107	368	516	266	331	303	428	256	250	367	307
Thioalbus	91	101	85	95	90	87	93	69	107	140	91	153	250	117	611	267	129	139	267	324
Thioalkalivibrio	914	877	612	731	879	865	762	699	953	1001	827	1307	2692	1227	4584	2245	1242	1168	1958	2588
Thiobacillus	200	193	175	175	165	182	273	197	178	229	137	175	362	158	510	385	199	176	241	290
Thiocapsa	73	62	0	0	56	70	47	0	55	55	51	89	171	48	282	140	75	99	104	144
Thioclava	0	0	0	0	0	0	0	0	0	0	0	0	0	18	0	0	0	18	0	0
Thiocystis	0	0	38	0	48	0	0	0	0	0	31	44	103	55	170	86	33	44	67	76
Thiodictyon	0	49	44	0	47	54	51	50	63	51	54	98	132	56	219	121	66	69	110	134
Thiofilum	0	0	0	0	0	0	0	0	0	0	0	0	0	0	0	0	23	0	0	0
Thioflavicoccus	0	72	50	58	49	57	60	39	67	63	60	127	217	79	341	185	105	85	121	194
Thiohalobacter	90	97	57	64	70	85	67	60	78	93	81	97	239	107	448	192	115	111	173	237
Thiohalomonas	0	0	0	0	0	0	0	0	0	0	0	48	63	32	146	64	48	35	60	91
Thiohalospira	0	0	0	0	0	0	0	0	0	0	39	68	112	49	173	98	53	64	102	116
Thiolapillus	0	0	0	0	0	0	0	0	0	0	0	0	0	18	0	0	23	0	0	25
Thiomicrospira	0	0	0	0	0	0	0	0	0	0	0	0	0	0	0	0	29	0	0	0
Thiomonas	195	164	172	168	221	191	195	178	190	218	210	216	317	201	541	388	208	211	253	348
Thioploca	0	0	0	0	0	0	0	0	0	0	0	0	0	0	0	0	25	0	0	0
Thiorhodovibrio	0	0	0	0	0	0	0	0	0	0	0	31	37	0	61	34	23	0	31	34
Thiothrix	0	0	0	0	0	0	0	0	0	0	77	0	0	49	56	0	72	0	0	24
Tistlia	333	280	333	372	284	400	294	289	193	260	913	546	520	275	580	514	332	299	328	305
Tistrella	79	58	77	76	48	87	58	40	424	82	114	81	77	44	86	73	52	59	63	69
Tolypothrix	0	41	0	0	0	0	0	0	0	0	32	58	91	34	110	61	58	55	51	65
Tranquillimonas	0	0	0	0	0	0	0	0	0	0	29	34	37	22	43	38	22	22	0	24
Treponema	0	0	0	0	0	0	0	0	0	0	40	0	0	33	0	30	40	0	0	0
Trichococcus	0	0	0	0	0	0	0	0	0	0	0	0	0	0	0	0	24	0	0	0
Trinickia	0	46	0	52	44	44	0	0	45	46	60	98	154	74	195	141	103	101	96	121
Truepera	0	0	0	0	0	0	0	0	0	0	64	69	54	38	64	69	45	41	63	47
Trueperella	0	0	0	0	0	0	0	0	0	0	0	0	0	0	0	0	0	19	0	0
Tsukamurella	73	61	46	65	51	60	54	63	51	83	73	66	60	46	47	78	42	47	53	55
Tumebacillus	0	51	35	0	0	0	0	42	0	46	32	88	52	49	45	53	55	64	28	37
Umezawaea	143	79	58	79	77	58	123	59	76	65	91	59	127	21	67	179	26	30	45	59
Varibaculum	0	0	0	0	0	0	0	0	0	0	0	0	0	0	0	0	0	24	0	0
Variibacter	183	128	136	227	124	234	100	72	76	109	46	72	98	38	101	48	61	46	49	54
Variovorax	1448	1291	1145	1195	1112	1379	1250	1343	1374	1356	1409	1366	1891	919	2360	2239	1152	1187	1232	1447
Verminephrobacter	0	0	0	0	0	0	0	0	0	0	45	0	42	0	45	38	27	20	37	43
Verrucomicrobium	66	89	58	72	66	97	68	72	75	92	125	161	117	409	148	189	117	136	149	115
Verrucosispora	81	64	51	70	61	76	78	64	81	62	50	55	38	25	35	47	19	24	29	37
Vibrio	396	118	124	415	95	66	130	167	108	75	243	150	82	175	128	119	412	86	88	84
Victivallis	0	0	0	0	0	0	0	0	0	0	0	0	0	22	0	30	0	18	0	0
Virgibacillus	0	42	0	0	0	0	0	0	0	0	0	0	0	0	0	0	0	0	0	0
Vitreoscilla	0	0	0	0	0	0	0	0	0	0	0	0	0	19	0	0	0	0	0	0
Vogesella	0	41	54	0	46	63	0	49	66	57	51	52	92	42	98	121	43	62	54	63
Vulgatibacter	88	90	126	122	100	164	112	88	110	116	199	260	185	135	169	291	133	176	188	130
Waddlia	0	0	0	0	0	0	0	0	0	0	0	0	0	0	0	0	30	0	0	0
Wenxinia	0	47	48	0	0	46	46	0	0	46	71	63	80	27	61	68	30	33	35	50
Wenzhouxiangella	0	0	0	0	54	0	0	38	47	56	49	90	171	67	215	122	59	80	123	120
Williamsia	0	46	39	0	41	57	0	41	49	0	48	58	29	31	52	56	38	28	59	44
Woeseia	64	69	40	51	81	68	56	42	85	73	52	88	259	110	452	194	115	78	197	221
Xanthobacter	88	65	77	130	70	137	69	58	51	73	76	60	66	46	92	57	43	30	51	53
Xanthomonas	950	1056	674	808	926	928	806	823	1055	1229	750	1224	2486	1183	2730	1728	1244	957	1408	1566
Xenophilus	194	140	142	141	125	279	174	214	187	167	196	180	211	102	278	288	143	143	135	146
Xenorhabdus	0	49	35	0	0	0	0	0	0	0	76	31	0	90	0	0	113	21	0	0
Xiangella	58	0	39	60	0	0	62	48	49	49	44	0	0	0	0	42	0	0	0	0
Xylanimonas	0	0	0	0	0	0	0	0	0	0	0	36	0	0	0	0	0	26	0	0
Xylella	0	0	0	0	0	0	0	0	0	0	26	0	0	0	0	0	32	0	0	0
Xylophilus	57	46	57	60	46	57	65	70	63	61	77	54	92	50	98	116	52	77	60	57
Yangia	63	56	45	60	52	73	0	44	0	47	55	52	69	47	67	75	35	37	61	62
Yersinia	0	0	0	0	0	0	0	38	0	0	64	37	27	67	32	0	104	20	0	26
Yonghaparkia	0	0	0	0	0	0	0	0	0	0	0	29	32	0	35	0	0	0	27	24
Yuhushiella	144	104	67	76	94	67	97	66	73	74	130	68	234	23	63	265	19	98	51	47
Zavarzinella	81	74	107	74	53	90	55	64	0	57	71	92	77	79	38	80	79	58	51	60
Zhihengliuella	0	0	0	0	0	0	0	0	0	0	28	0	0	0	0	0	21	0	0	0
Zobellella	0	0	0	0	0	0	0	0	0	0	34	40	45	34	87	57	36	23	60	56