#Datasets	EXB037.A3001.unmapped	EXB037.A3201.unmapped	EXB037.A3401.unmapped	LIB030.A0115.unmapped	EXB037.A3101.unmapped	LIB027.A0136.unmapped	LIB030.A0112.unmapped	LIB030.A0113.unmapped	LIB030.A0114.unmapped	EXB037.A2901.unmapped	EXB037.A3301.unmapped
"Acidobacterium"	0.0	0.0	0.0	12.0	0.0	0.0	0.0	0.0	0.0	0.0	0.0
"Terriglobus"	0.0	0.0	0.0	0.0	0.0	0.0	0.0	0.0	18.0	0.0	0.0
"Geothrix"	0.0	19.0	0.0	0.0	0.0	0.0	0.0	0.0	0.0	0.0	0.0
"Luteitalea"	0.0	57.0	0.0	0.0	0.0	1.0	22.0	0.0	0.0	0.0	0.0
"Salinibacter"	0.0	0.0	0.0	0.0	0.0	0.0	0.0	6.0	0.0	0.0	0.0
"Bacteroides"	89.0	90.0	28.0	21.0	319.0	0.0	74.0	24.0	50.0	49.0	92.0
"Phocaeicola"	0.0	0.0	0.0	0.0	0.0	0.0	0.0	475.0	163.0	0.0	0.0
"Dysgonomonas"	0.0	0.0	0.0	15.0	0.0	0.0	11.0	0.0	0.0	0.0	0.0
"Porphyromonas"	127.0	35.0	0.0	16.0	847.0	0.0	11.0	26.0	90.0	77.0	159.0
"Alloprevotella"	0.0	0.0	0.0	0.0	134.0	0.0	0.0	0.0	0.0	0.0	0.0
"Prevotella"	659.0	144.0	43.0	65.0	4164.0	0.0	56.0	24.0	49.0	204.0	528.0
"Alistipes"	0.0	0.0	0.0	0.0	0.0	0.0	13.0	0.0	0.0	0.0	0.0
"Parabacteroides"	0.0	19.0	0.0	0.0	0.0	0.0	19.0	0.0	0.0	0.0	0.0
"Tannerella"	0.0	0.0	0.0	17.0	1438.0	0.0	15.0	288.0	315.0	72.0	140.0
"Arachidicoccus"	60.0	0.0	0.0	0.0	0.0	0.0	0.0	6.0	0.0	0.0	0.0
"Asinibacterium"	2164.0	60.0	284.0	0.0	178.0	0.0	34.0	15.0	36.0	294.0	1521.0
"Chitinophaga"	164.0	38.0	24.0	0.0	115.0	0.0	13.0	6.0	52.0	36.0	143.0
"Filimonas"	117.0	0.0	20.0	0.0	0.0	0.0	10.0	0.0	0.0	0.0	95.0
"Flavisolibacter"	0.0	0.0	0.0	0.0	0.0	0.0	0.0	0.0	21.0	0.0	0.0
"Hydrotalea"	3428.0	0.0	351.0	0.0	0.0	0.0	0.0	0.0	38.0	40.0	2152.0
"Niabella"	60.0	0.0	14.0	0.0	0.0	0.0	13.0	0.0	18.0	0.0	0.0
"Niastella"	56.0	0.0	0.0	0.0	0.0	0.0	14.0	0.0	0.0	0.0	0.0
"Sediminibacterium"	249.0	49.0	29.0	0.0	166.0	0.0	14.0	16.0	81.0	72.0	235.0
"Segetibacter"	46.0	0.0	0.0	0.0	0.0	0.0	14.0	0.0	0.0	0.0	0.0
"Taibaiella"	0.0	0.0	0.0	10.0	0.0	0.0	0.0	0.0	0.0	0.0	0.0
"Terrimonas"	90.0	0.0	14.0	0.0	0.0	0.0	0.0	0.0	21.0	0.0	0.0
"Algoriphagus"	0.0	39.0	0.0	0.0	171.0	0.0	21.0	0.0	44.0	0.0	0.0
"Belliella"	0.0	0.0	0.0	0.0	0.0	0.0	0.0	0.0	24.0	0.0	0.0
"Arcicella"	0.0	0.0	0.0	0.0	167.0	0.0	0.0	9.0	40.0	0.0	0.0
"Cytophaga"	0.0	42.0	0.0	0.0	1667.0	0.0	14.0	0.0	0.0	0.0	0.0
"Dyadobacter"	0.0	0.0	0.0	0.0	0.0	1.0	25.0	8.0	0.0	0.0	0.0
"Emticicia"	0.0	0.0	0.0	0.0	0.0	0.0	0.0	0.0	20.0	0.0	0.0
"Flexibacter"	0.0	0.0	0.0	0.0	0.0	0.0	24.0	13.0	40.0	0.0	0.0
"Ohtaekwangia"	0.0	0.0	0.0	16.0	0.0	0.0	0.0	0.0	0.0	0.0	0.0
"Runella"	164.0	0.0	42.0	0.0	0.0	0.0	0.0	0.0	0.0	49.0	203.0
"Spirosoma"	127.0	0.0	10.0	0.0	165.0	0.0	36.0	0.0	0.0	34.0	195.0
"Sporocytophaga"	0.0	0.0	0.0	0.0	164.0	0.0	0.0	0.0	29.0	0.0	0.0
"Hymenobacter"	147.0	39.0	19.0	45.0	844.0	0.0	72.0	19.0	43.0	88.0	200.0
"Pontibacter"	0.0	19.0	0.0	11.0	0.0	0.0	19.0	0.0	0.0	0.0	0.0
"Rufibacter"	0.0	0.0	0.0	10.0	0.0	0.0	0.0	0.0	0.0	0.0	0.0
"Fluviicola"	0.0	23.0	0.0	0.0	0.0	0.0	0.0	0.0	0.0	0.0	0.0
"Algibacter"	0.0	0.0	0.0	0.0	0.0	0.0	0.0	7.0	0.0	0.0	0.0
"Aquimarina"	0.0	34.0	0.0	0.0	0.0	0.0	15.0	8.0	37.0	0.0	0.0
"Bizionia"	0.0	0.0	0.0	0.0	0.0	0.0	0.0	0.0	18.0	0.0	0.0
"Capnocytophaga"	109.0	25.0	0.0	19.0	328.0	0.0	10.0	27.0	20.0	0.0	128.0
"Cellulophaga"	0.0	0.0	0.0	0.0	0.0	0.0	27.0	0.0	0.0	0.0	0.0
"Chryseobacterium"	209.0	116.0	36.0	56.0	519.0	0.0	148.0	33.0	99.0	123.0	446.0
"Cloacibacterium"	257.0	41.0	0.0	32.0	552.0	0.0	16.0	21.0	72.0	56.0	473.0
"Elizabethkingia"	110.0	46.0	25.0	103.0	0.0	0.0	38.0	8.0	100.0	32.0	153.0
"Flavivirga"	0.0	0.0	0.0	0.0	0.0	0.0	0.0	9.0	0.0	0.0	0.0
"Flavobacterium"	2285.0	3965.0	169.0	135.0	7137.0	2.0	3675.0	1817.0	6725.0	3066.0	632.0
"Formosa"	0.0	0.0	0.0	0.0	0.0	0.0	0.0	7.0	17.0	0.0	0.0
"Lacinutrix"	0.0	0.0	0.0	0.0	0.0	0.0	0.0	0.0	25.0	0.0	0.0
"Lutibacter"	0.0	21.0	0.0	0.0	0.0	0.0	0.0	13.0	44.0	0.0	0.0
"Maribacter"	0.0	0.0	0.0	0.0	0.0	0.0	28.0	8.0	42.0	0.0	0.0
"Mesonia"	0.0	0.0	0.0	0.0	0.0	0.0	0.0	0.0	25.0	0.0	0.0
"Myroides"	0.0	19.0	0.0	0.0	0.0	0.0	10.0	12.0	44.0	0.0	0.0
"Olleya"	0.0	0.0	0.0	0.0	0.0	0.0	0.0	7.0	42.0	0.0	0.0
"Polaribacter"	0.0	68.0	0.0	0.0	108.0	0.0	30.0	15.0	67.0	35.0	0.0
"Psychroflexus"	0.0	0.0	0.0	0.0	0.0	0.0	12.0	8.0	0.0	0.0	0.0
"Tenacibaculum"	145.0	218.0	337.0	75.0	334.0	0.0	186.0	115.0	567.0	170.0	70.0
"Wenyingzhuangia"	0.0	0.0	0.0	0.0	0.0	0.0	12.0	0.0	0.0	0.0	0.0
"Winogradskyella"	0.0	0.0	0.0	0.0	0.0	0.0	16.0	6.0	24.0	0.0	0.0
"Mucilaginibacter"	1078.0	28.0	219.0	0.0	124.0	0.0	120.0	18.0	33.0	89.0	1148.0
"Pedobacter"	358.0	106.0	69.0	33.0	517.0	0.0	93.0	31.0	114.0	142.0	565.0
"Sphingobacterium"	49.0	35.0	0.0	0.0	0.0	0.0	28.0	26.0	17.0	66.0	285.0
"Candidatus Kryptobacter"	0.0	0.0	0.0	0.0	0.0	0.0	117.0	16.0	45.0	39.0	0.0
"Candidatus Kryptonium"	2341.0	777.0	1388.0	327.0	1210.0	0.0	5633.0	382.0	3637.0	942.0	1195.0
"Gemmatirosa"	0.0	23.0	0.0	0.0	0.0	0.0	0.0	6.0	0.0	0.0	0.0
"Fusobacterium"	55.0	0.0	0.0	0.0	434.0	0.0	0.0	23.0	0.0	37.0	77.0
"Leptotrichia"	0.0	0.0	0.0	0.0	702.0	0.0	11.0	0.0	0.0	52.0	63.0
"Streptobacillus"	63.0	0.0	0.0	0.0	0.0	0.0	0.0	17.0	0.0	44.0	70.0
"Nitrospira"	179.0	78.0	31.0	74.0	132.0	0.0	25.0	12.0	65.0	187.0	291.0
"Phreatobacter"	852.0	120.0	68.0	38.0	3056.0	0.0	150.0	45.0	247.0	771.0	1365.0
"Polymorphum"	0.0	0.0	0.0	0.0	0.0	0.0	0.0	0.0	0.0	37.0	65.0
"Asticcacaulis"	291.0	44.0	15.0	9.0	157.0	0.0	0.0	0.0	87.0	30.0	85.0
"Brevundimonas"	2432.0	748.0	647.0	108.0	1847.0	0.0	230.0	195.0	312.0	1987.0	3336.0
"Caulobacter"	1536.0	423.0	223.0	115.0	2881.0	1.0	275.0	130.0	285.0	649.0	1165.0
"Phenylobacterium"	279.0	128.0	25.0	51.0	275.0	0.0	66.0	25.0	130.0	156.0	188.0
"Parvularcula"	0.0	0.0	0.0	23.0	0.0	0.0	0.0	0.0	20.0	0.0	0.0
"Candidatus Pelagibacter"	0.0	0.0	0.0	0.0	0.0	0.0	10.0	0.0	0.0	0.0	0.0
"Aurantimonas"	0.0	0.0	0.0	0.0	156.0	0.0	11.0	0.0	0.0	0.0	0.0
"Aureimonas"	55.0	26.0	13.0	0.0	299.0	0.0	0.0	0.0	25.0	29.0	69.0
"Martelella"	0.0	34.0	0.0	0.0	0.0	0.0	0.0	0.0	0.0	0.0	0.0
"Bartonella"	0.0	0.0	0.0	0.0	0.0	0.0	17.0	0.0	0.0	0.0	0.0
"Methylovirgula"	0.0	0.0	0.0	0.0	0.0	0.0	0.0	0.0	0.0	40.0	0.0
"Rhodoblastus"	0.0	0.0	0.0	0.0	0.0	0.0	10.0	0.0	0.0	0.0	0.0
"Afipia"	2270.0	684.0	246.0	334.0	1063.0	0.0	195.0	51.0	269.0	1217.0	3107.0
"Bosea"	5923.0	439.0	81.0	47.0	835.0	0.0	76.0	49.0	109.0	5771.0	10316.0
"Bradyrhizobium"	45833.0	2606.0	2894.0	1196.0	3815.0	1.0	2712.0	308.0	1602.0	20689.0	46423.0
"Nitrobacter"	215.0	86.0	16.0	15.0	0.0	0.0	21.0	0.0	18.0	93.0	188.0
"Oligotropha"	191.0	29.0	31.0	17.0	0.0	0.0	0.0	0.0	0.0	195.0	109.0
"Rhodopseudomonas"	1185.0	207.0	81.0	78.0	480.0	1.0	117.0	48.0	155.0	720.0	1149.0
"Tardiphaga"	521.0	151.0	34.0	46.0	135.0	0.0	47.0	27.0	47.0	293.0	451.0
"Variibacter"	0.0	22.0	0.0	0.0	0.0	0.0	0.0	0.0	0.0	0.0	0.0
"Brucella"	920.0	0.0	13.0	0.0	0.0	0.0	0.0	0.0	0.0	834.0	1529.0
"Mycoplana"	85.0	0.0	0.0	0.0	0.0	0.0	0.0	0.0	0.0	77.0	176.0
"Ochrobactrum"	13371.0	81.0	74.0	23.0	0.0	0.0	27.0	0.0	58.0	13328.0	24516.0
"Pseudochrobactrum"	0.0	0.0	0.0	0.0	0.0	0.0	0.0	0.0	0.0	39.0	99.0
"Chelatococcus"	145.0	30.0	12.0	0.0	104.0	0.0	10.0	7.0	0.0	93.0	180.0
"Devosia"	373.0	134.0	55.0	33.0	1206.0	0.0	149.0	27.0	67.0	328.0	676.0
"Hyphomicrobium"	721.0	67.0	510.0	16.0	248.0	0.0	32.0	13.0	51.0	783.0	1399.0
"Pelagibacterium"	72.0	21.0	0.0	0.0	0.0	0.0	17.0	0.0	0.0	32.0	0.0
"Rhodoplanes"	221.0	135.0	49.0	11.0	198.0	0.0	29.0	7.0	22.0	139.0	235.0
"Methylobacterium"	5973.0	1954.0	1057.0	1827.0	3958.0	0.0	1971.0	575.0	2691.0	3511.0	7400.0
"Methylorubrum"	698.0	103.0	39.0	595.0	566.0	0.0	130.0	30.0	180.0	495.0	1358.0
"Microvirga"	137.0	175.0	14.0	0.0	295.0	0.0	56.0	10.0	0.0	86.0	173.0
"Methylocystis"	60.0	33.0	0.0	0.0	0.0	0.0	0.0	0.0	0.0	65.0	116.0
"Methylosinus"	0.0	26.0	17.0	27.0	0.0	0.0	10.0	0.0	56.0	29.0	0.0
"Pleomorphomonas"	48.0	0.0	0.0	0.0	0.0	0.0	0.0	0.0	0.0	0.0	0.0
"Aminobacter"	147.0	54.0	15.0	11.0	119.0	0.0	19.0	13.0	26.0	115.0	198.0
"Aquamicrobium"	114.0	30.0	0.0	0.0	0.0	0.0	0.0	0.0	0.0	154.0	202.0
"Chelativorans"	0.0	0.0	0.0	0.0	0.0	0.0	0.0	0.0	0.0	31.0	0.0
"Hoeflea"	60.0	81.0	25.0	10.0	129.0	0.0	21.0	0.0	34.0	62.0	139.0
"Mesorhizobium"	4937.0	1806.0	805.0	306.0	7289.0	0.0	815.0	833.0	24901.0	1895.0	5434.0
"Nitratireductor"	0.0	20.0	0.0	0.0	0.0	0.0	0.0	0.0	0.0	29.0	0.0
"Phyllobacterium"	76.0	0.0	62.0	37.0	0.0	0.0	38.0	54.0	42.0	97.0	121.0
"Pseudaminobacter"	44.0	0.0	0.0	0.0	0.0	0.0	0.0	0.0	0.0	38.0	66.0
"Kaistia"	0.0	0.0	10.0	0.0	0.0	0.0	0.0	0.0	0.0	55.0	77.0
"Agrobacterium"	558.0	130.0	27.0	12.0	276.0	0.0	27.0	32.0	59.0	646.0	828.0
"Neorhizobium"	46.0	0.0	0.0	11.0	0.0	0.0	0.0	0.0	0.0	49.0	88.0
"Rhizobium"	2153.0	397.0	183.0	82.0	1247.0	0.0	261.0	149.0	281.0	2023.0	3466.0
"Shinella"	4157.0	44.0	14.0	0.0	104.0	0.0	20.0	10.0	0.0	4220.0	7246.0
"Ensifer"	373.0	73.0	0.0	14.0	124.0	0.0	20.0	8.0	0.0	435.0	764.0
"Sinorhizobium"	1747.0	104.0	32.0	122.0	308.0	0.0	87.0	20.0	69.0	2433.0	2725.0
"Pseudorhodoplanes"	0.0	0.0	0.0	0.0	0.0	0.0	0.0	0.0	0.0	37.0	0.0
"Roseiarcus"	0.0	0.0	0.0	0.0	0.0	0.0	11.0	0.0	0.0	0.0	0.0
"Azorhizobium"	91.0	23.0	0.0	13.0	207.0	0.0	0.0	0.0	0.0	44.0	83.0
"Pseudolabrys"	164.0	52.0	14.0	0.0	0.0	0.0	0.0	0.0	0.0	85.0	119.0
"Starkeya"	0.0	24.0	0.0	0.0	0.0	0.0	0.0	0.0	0.0	33.0	0.0
"Xanthobacter"	88.0	20.0	13.0	0.0	0.0	0.0	0.0	6.0	26.0	50.0	67.0
"Hyphomonas"	0.0	22.0	0.0	0.0	0.0	0.0	0.0	0.0	0.0	0.0	0.0
"Albimonas"	0.0	35.0	0.0	0.0	0.0	0.0	0.0	0.0	0.0	0.0	0.0
"Brevirhabdus"	0.0	23.0	0.0	0.0	0.0	0.0	0.0	0.0	0.0	0.0	0.0
"Celeribacter"	0.0	60.0	0.0	0.0	0.0	0.0	0.0	0.0	0.0	0.0	0.0
"Cereibacter"	0.0	51.0	0.0	0.0	0.0	0.0	0.0	7.0	0.0	0.0	0.0
"Confluentimicrobium"	0.0	161.0	0.0	0.0	0.0	0.0	0.0	0.0	0.0	0.0	0.0
"Defluviimonas"	0.0	47.0	0.0	0.0	0.0	0.0	21.0	0.0	0.0	0.0	0.0
"Gemmobacter"	56.0	135.0	0.0	0.0	241.0	0.0	15.0	15.0	0.0	55.0	111.0
"Jannaschia"	0.0	46.0	0.0	0.0	0.0	0.0	0.0	0.0	0.0	0.0	0.0
"Ketogulonicigenium"	0.0	181.0	0.0	0.0	0.0	0.0	0.0	0.0	0.0	0.0	0.0
"Labrenzia"	0.0	0.0	0.0	0.0	0.0	0.0	0.0	0.0	0.0	0.0	73.0
"Leisingera"	0.0	50.0	0.0	0.0	0.0	0.0	0.0	6.0	0.0	0.0	0.0
"Limimaricola"	0.0	41.0	0.0	0.0	0.0	0.0	0.0	0.0	0.0	0.0	0.0
"Loktanella"	0.0	24.0	0.0	0.0	0.0	0.0	0.0	0.0	0.0	0.0	0.0
"Oceanicella"	0.0	83.0	10.0	0.0	0.0	0.0	0.0	0.0	0.0	0.0	0.0
"Oceanicola"	0.0	29.0	0.0	0.0	0.0	0.0	0.0	0.0	0.0	0.0	0.0
"Pannonibacter"	222.0	29.0	0.0	0.0	0.0	0.0	0.0	8.0	0.0	141.0	297.0
"Paracoccus"	2132.0	48674.0	227.0	49.0	1605.0	0.0	88.0	51.0	40.0	947.0	3515.0
"Pelagibaca"	0.0	21.0	0.0	0.0	0.0	0.0	0.0	0.0	0.0	0.0	0.0
"Phaeobacter"	0.0	21.0	0.0	12.0	0.0	0.0	0.0	0.0	0.0	0.0	0.0
"Pseudooceanicola"	0.0	63.0	0.0	0.0	0.0	0.0	12.0	0.0	0.0	0.0	0.0
"Rhodobacter"	136.0	414.0	17.0	12.0	333.0	0.0	39.0	23.0	61.0	107.0	322.0
"Rhodovulum"	0.0	129.0	0.0	0.0	0.0	0.0	10.0	0.0	0.0	0.0	119.0
"Roseicyclus"	0.0	22.0	0.0	0.0	0.0	0.0	0.0	0.0	0.0	0.0	0.0
"Roseinatronobacter"	0.0	331.0	0.0	0.0	0.0	0.0	0.0	0.0	0.0	0.0	0.0
"Roseivivax"	0.0	31.0	0.0	0.0	0.0	0.0	0.0	0.0	0.0	0.0	0.0
"Roseovarius"	0.0	71.0	0.0	0.0	0.0	0.0	0.0	0.0	0.0	0.0	0.0
"Rubellimicrobium"	0.0	73.0	0.0	0.0	0.0	0.0	0.0	0.0	0.0	0.0	0.0
"Ruegeria"	0.0	51.0	0.0	0.0	0.0	0.0	0.0	0.0	0.0	0.0	0.0
"Salipiger"	0.0	73.0	0.0	0.0	0.0	0.0	0.0	0.0	0.0	0.0	65.0
"Stappia"	0.0	115.0	0.0	12.0	98.0	0.0	15.0	0.0	0.0	0.0	0.0
"Sulfitobacter"	0.0	82.0	0.0	0.0	0.0	0.0	0.0	0.0	0.0	0.0	0.0
"Thioclava"	0.0	36.0	0.0	0.0	0.0	0.0	0.0	0.0	0.0	0.0	0.0
"Tropicimonas"	0.0	32.0	0.0	0.0	0.0	0.0	0.0	0.0	0.0	0.0	0.0
"Wenxinia"	0.0	27.0	0.0	0.0	0.0	0.0	0.0	0.0	0.0	0.0	0.0
"Yangia"	0.0	44.0	0.0	0.0	0.0	0.0	0.0	0.0	0.0	0.0	0.0
"Acetobacter"	0.0	20.0	0.0	0.0	0.0	0.0	0.0	0.0	0.0	0.0	0.0
"Acidibrevibacterium"	0.0	0.0	0.0	0.0	0.0	0.0	11.0	0.0	0.0	0.0	0.0
"Acidiphilium"	0.0	46.0	146.0	92.0	0.0	0.0	0.0	0.0	0.0	69.0	0.0
"Acidisphaera"	0.0	26.0	28.0	12.0	0.0	0.0	23.0	0.0	0.0	38.0	0.0
"Belnapia"	133.0	32.0	17.0	9.0	254.0	0.0	65.0	12.0	0.0	128.0	158.0
"Gluconacetobacter"	0.0	0.0	0.0	9.0	0.0	0.0	0.0	0.0	0.0	0.0	0.0
"Komagataeibacter"	0.0	0.0	0.0	10.0	0.0	0.0	15.0	0.0	0.0	30.0	0.0
"Rhodopila"	80.0	19.0	10.0	0.0	0.0	0.0	48.0	0.0	0.0	0.0	90.0
"Roseomonas"	369.0	79.0	67.0	27.0	397.0	0.0	80.0	15.0	39.0	360.0	529.0
"Rubritepida"	44.0	0.0	0.0	0.0	102.0	0.0	0.0	0.0	0.0	0.0	0.0
"Azospirillum"	202.0	111.0	58.0	35.0	249.0	0.0	38.0	26.0	37.0	139.0	317.0
"Inquilinus"	0.0	26.0	18.0	0.0	0.0	0.0	38.0	8.0	0.0	34.0	62.0
"Magnetospirillum"	0.0	19.0	0.0	0.0	322.0	0.0	10.0	0.0	23.0	0.0	0.0
"Niveispirillum"	0.0	0.0	0.0	0.0	0.0	0.0	58.0	14.0	0.0	0.0	0.0
"Tistlia"	0.0	23.0	0.0	0.0	0.0	0.0	12.0	0.0	0.0	0.0	0.0
"Enhydrobacter"	167.0	65.0	35.0	9.0	0.0	1.0	0.0	0.0	0.0	44.0	225.0
"Reyranella"	370.0	72.0	108.0	9.0	138.0	0.0	16.0	7.0	41.0	95.0	300.0
"Anaplasma"	85.0	26.0	59.0	113.0	0.0	0.0	105.0	15.0	97.0	176.0	0.0
"Rickettsia"	0.0	0.0	0.0	0.0	0.0	0.0	14.0	0.0	0.0	0.0	0.0
"Altererythrobacter"	161.0	149.0	27.0	0.0	223.0	0.0	74.0	28.0	0.0	82.0	175.0
"Croceicoccus"	0.0	39.0	13.0	10.0	0.0	0.0	0.0	0.0	0.0	0.0	0.0
"Erythrobacter"	70.0	230.0	17.0	9.0	229.0	0.0	37.0	16.0	42.0	40.0	133.0
"Porphyrobacter"	329.0	194.0	45.0	16.0	340.0	0.0	65.0	36.0	79.0	276.0	425.0
"Blastomonas"	494.0	87.0	50.0	40.0	215.0	0.0	27.0	11.0	65.0	220.0	527.0
"Citromicrobium"	0.0	31.0	0.0	0.0	0.0	0.0	0.0	0.0	0.0	0.0	0.0
"Hephaestia"	179.0	23.0	14.0	13.0	0.0	0.0	12.0	6.0	22.0	115.0	248.0
"Novosphingobium"	633.0	1091.0	96.0	113.0	1249.0	0.0	304.0	97.0	194.0	330.0	634.0
"Rhizorhabdus"	111.0	19.0	0.0	0.0	0.0	0.0	0.0	9.0	0.0	0.0	107.0
"Sphingobium"	1279.0	586.0	207.0	113.0	1110.0	0.0	227.0	152.0	211.0	431.0	1238.0
"Sphingomonas"	36126.0	4270.0	4952.0	543.0	6583.0	0.0	1135.0	365.0	840.0	3961.0	29419.0
"Sphingopyxis"	605.0	357.0	172.0	94.0	718.0	0.0	111.0	44.0	130.0	224.0	642.0
"Sphingorhabdus"	0.0	0.0	0.0	10.0	0.0	0.0	0.0	0.0	0.0	0.0	0.0
"Sphingosinicella"	0.0	0.0	0.0	15.0	0.0	0.0	0.0	7.0	0.0	0.0	0.0
"Candidatus Accumulibacter"	0.0	0.0	0.0	0.0	0.0	0.0	15.0	0.0	0.0	0.0	0.0
"Achromobacter"	7918.0	210.0	396.0	144.0	677.0	0.0	210.0	104.0	208.0	6407.0	12923.0
"Alcaligenes"	903.0	0.0	16.0	16.0	0.0	0.0	0.0	0.0	21.0	703.0	1457.0
"Azohydromonas"	79.0	24.0	0.0	10.0	206.0	0.0	0.0	6.0	0.0	52.0	162.0
"Bordetella"	301.0	114.0	31.0	41.0	445.0	0.0	70.0	17.0	84.0	200.0	584.0
"Castellaniella"	0.0	0.0	26.0	12.0	0.0	0.0	0.0	0.0	0.0	0.0	0.0
"Derxia"	0.0	0.0	0.0	0.0	0.0	0.0	10.0	0.0	0.0	0.0	0.0
"Eoetvoesia"	101.0	0.0	0.0	0.0	0.0	0.0	11.0	0.0	0.0	127.0	222.0
"Pusillimonas"	0.0	0.0	0.0	0.0	0.0	0.0	0.0	8.0	0.0	0.0	0.0
"Burkholderia"	1340.0	4756.0	186.0	18024.0	128644.0	1.0	889.0	604.0	1574.0	1508.0	17047.0
"Chitinimonas"	0.0	0.0	0.0	0.0	0.0	0.0	0.0	20.0	0.0	34.0	0.0
"Cupriavidus"	1156.0	441.0	75.0	246.0	2094.0	0.0	271.0	70.0	254.0	930.0	1920.0
"Lautropia"	44.0	19.0	0.0	17.0	346.0	0.0	0.0	8.0	0.0	0.0	0.0
"Pandoraea"	135.0	51.0	52.0	109.0	947.0	0.0	26.0	37.0	65.0	141.0	339.0
"Paraburkholderia"	1287.0	1121.0	195.0	2067.0	12666.0	0.0	478.0	333.0	818.0	1020.0	2853.0
"Polynucleobacter"	534.0	664.0	18.0	13.0	1452.0	0.0	84.0	139.0	192.0	423.0	891.0
"Ralstonia"	10460.0	1476.0	1549.0	155.0	5216.0	0.0	159.0	510.0	325.0	1088.0	9046.0
"Trinickia"	0.0	0.0	0.0	29.0	96.0	0.0	0.0	0.0	0.0	0.0	0.0
"Aquabacterium"	393.0	136.0	85.0	48.0	621.0	0.0	93.0	24.0	83.0	104.0	517.0
"Aquincola"	88.0	27.0	0.0	25.0	226.0	0.0	19.0	77.0	17.0	127.0	136.0
"Ideonella"	84.0	49.0	0.0	11.0	407.0	0.0	26.0	14.0	64.0	57.0	198.0
"Leptothrix"	62.0	35.0	0.0	32.0	380.0	0.0	25.0	0.0	26.0	0.0	87.0
"Methylibium"	200.0	115.0	22.0	47.0	643.0	0.0	41.0	13.0	54.0	93.0	276.0
"Mitsuaria"	108.0	24.0	0.0	22.0	220.0	0.0	10.0	7.0	31.0	90.0	105.0
"Paucibacter"	58.0	61.0	0.0	0.0	380.0	0.0	82.0	14.0	44.0	38.0	81.0
"Piscinibacter"	137.0	50.0	17.0	27.0	375.0	0.0	39.0	7.0	25.0	60.0	264.0
"Rhizobacter"	249.0	120.0	27.0	72.0	863.0	0.0	74.0	30.0	65.0	113.0	383.0
"Roseateles"	119.0	37.0	14.0	24.0	234.0	0.0	30.0	0.0	40.0	50.0	157.0
"Rubrivivax"	66.0	30.0	0.0	14.0	220.0	0.0	15.0	0.0	23.0	33.0	107.0
"Sphaerotilus"	111.0	45.0	15.0	27.0	925.0	0.0	44.0	8.0	35.0	49.0	237.0
"Tepidimonas"	95.0	0.0	0.0	0.0	179.0	0.0	0.0	18.0	0.0	98.0	195.0
"Thiomonas"	279.0	42.0	18.0	19.0	163.0	0.0	23.0	15.0	0.0	113.0	252.0
"Xylophilus"	73.0	24.0	0.0	11.0	118.0	0.0	30.0	0.0	0.0	33.0	161.0
"Acidovorax"	3412.0	1070.0	179.0	686.0	10313.0	0.0	1025.0	332.0	1544.0	2679.0	6578.0
"Alicycliphilus"	101.0	21.0	13.0	32.0	113.0	0.0	32.0	0.0	0.0	83.0	285.0
"Brachymonas"	0.0	0.0	0.0	14.0	0.0	0.0	26.0	0.0	23.0	0.0	125.0
"Caenimonas"	0.0	0.0	0.0	24.0	0.0	0.0	10.0	0.0	0.0	0.0	77.0
"Caldimonas"	0.0	0.0	0.0	9.0	0.0	0.0	0.0	0.0	18.0	0.0	0.0
"Comamonas"	2520.0	486.0	208.0	119.0	1735.0	0.0	131.0	93.0	126.0	1651.0	3034.0
"Curvibacter"	5118.0	880.0	433.0	1299.0	15606.0	0.0	707.0	93.0	309.0	946.0	9709.0
"Delftia"	38644.0	132.0	133.0	118.0	646.0	0.0	110.0	30.0	155.0	33223.0	58356.0
"Diaphorobacter"	46.0	0.0	0.0	0.0	0.0	0.0	16.0	0.0	0.0	30.0	115.0
"Extensimonas"	57.0	0.0	0.0	0.0	0.0	0.0	0.0	0.0	0.0	66.0	194.0
"Giesbergeria"	0.0	0.0	0.0	0.0	0.0	0.0	15.0	0.0	0.0	0.0	0.0
"Hydrogenophaga"	533.0	149.0	50.0	168.0	882.0	0.0	192.0	46.0	104.0	334.0	1332.0
"Hylemonella"	150.0	19.0	11.0	116.0	108.0	0.0	48.0	7.0	23.0	70.0	667.0
"Limnohabitans"	524.0	1168.0	27.0	28.0	1819.0	0.0	225.0	107.0	454.0	443.0	668.0
"Macromonas"	92.0	32.0	0.0	70.0	130.0	0.0	32.0	8.0	19.0	69.0	295.0
"Melaminivora"	168.0	24.0	0.0	9.0	178.0	0.0	25.0	0.0	0.0	99.0	253.0
"Ottowia"	65.0	29.0	0.0	92.0	169.0	0.0	29.0	20.0	36.0	38.0	432.0
"Pelomonas"	3824.0	515.0	388.0	396.0	7983.0	0.0	312.0	79.0	328.0	364.0	3972.0
"Polaromonas"	231.0	183.0	17.0	93.0	825.0	0.0	125.0	35.0	120.0	127.0	712.0
"Pseudacidovorax"	93.0	0.0	10.0	18.0	96.0	0.0	21.0	0.0	0.0	69.0	246.0
"Pseudorhodoferax"	5232.0	55.0	18.0	75.0	347.0	0.0	61.0	17.0	43.0	4607.0	8743.0
"Pulveribacter"	0.0	0.0	0.0	20.0	0.0	0.0	21.0	0.0	0.0	0.0	129.0
"Ramlibacter"	198.0	38.0	14.0	77.0	221.0	0.0	52.0	9.0	0.0	88.0	559.0
"Rhodoferax"	332.0	331.0	16.0	124.0	2447.0	0.0	201.0	75.0	273.0	253.0	798.0
"Schlegelella"	0.0	21.0	0.0	17.0	121.0	0.0	14.0	0.0	0.0	0.0	124.0
"Serpentinomonas"	0.0	19.0	0.0	0.0	0.0	0.0	0.0	0.0	18.0	0.0	0.0
"Simplicispira"	144.0	73.0	0.0	45.0	361.0	0.0	51.0	22.0	70.0	90.0	333.0
"Variovorax"	2567.0	355.0	310.0	300.0	1841.0	0.0	451.0	72.0	224.0	872.0	3623.0
"Xenophilus"	578.0	92.0	59.0	88.0	456.0	0.0	58.0	10.0	46.0	265.0	780.0
"Collimonas"	64.0	941.0	0.0	31.0	340.0	0.0	72.0	48.0	161.0	66.0	0.0
"Duganella"	135.0	368.0	36.0	38.0	3640.0	0.0	152.0	58.0	260.0	156.0	176.0
"Herbaspirillum"	74.0	98.0	0.0	21.0	341.0	0.0	28.0	0.0	56.0	79.0	95.0
"Herminiimonas"	0.0	0.0	0.0	0.0	0.0	0.0	0.0	0.0	24.0	0.0	0.0
"Janthinobacterium"	224.0	390.0	971.0	64.0	1224.0	0.0	237.0	53.0	167.0	274.0	719.0
"Massilia"	393.0	497.0	58.0	84.0	2165.0	0.0	326.0	80.0	1536.0	316.0	554.0
"Noviherbaspirillum"	45.0	71.0	0.0	13.0	156.0	0.0	30.0	0.0	21.0	0.0	90.0
"Pseudoduganella"	0.0	0.0	0.0	0.0	0.0	0.0	13.0	0.0	0.0	0.0	0.0
"Rugamonas"	0.0	79.0	0.0	0.0	259.0	0.0	0.0	0.0	0.0	0.0	0.0
"Undibacterium"	0.0	121.0	0.0	0.0	1663.0	0.0	32.0	14.0	109.0	36.0	0.0
"Aquaspirillum"	0.0	0.0	0.0	0.0	0.0	0.0	0.0	0.0	18.0	0.0	0.0
"Aquitalea"	0.0	62.0	15.0	0.0	771.0	0.0	96.0	16.0	138.0	30.0	73.0
"Chromobacterium"	0.0	27.0	0.0	28.0	131.0	0.0	18.0	8.0	27.0	0.0	64.0
"Vogesella"	0.0	0.0	0.0	0.0	0.0	0.0	11.0	0.0	0.0	0.0	0.0
"Morococcus"	0.0	0.0	0.0	0.0	0.0	0.0	0.0	6.0	0.0	0.0	0.0
"Neisseria"	121.0	129.0	27.0	33.0	811.0	0.0	40.0	28.0	75.0	72.0	238.0
"Vitreoscilla"	0.0	0.0	0.0	11.0	90.0	0.0	0.0	0.0	0.0	0.0	0.0
"Candidatus Methylopumilus"	65.0	123.0	0.0	0.0	179.0	0.0	81.0	39.0	160.0	74.0	0.0
"Methylophilus"	46.0	61.0	0.0	10.0	391.0	0.0	42.0	27.0	114.0	46.0	0.0
"Methylotenera"	91.0	293.0	0.0	0.0	1079.0	0.0	152.0	52.0	249.0	123.0	0.0
"Nitrosomonas"	132.0	32.0	14.0	9.0	95.0	0.0	20.0	10.0	37.0	112.0	208.0
"Nitrosospira"	0.0	21.0	25.0	0.0	0.0	0.0	15.0	0.0	0.0	0.0	0.0
"Nitrosovibrio"	66.0	0.0	0.0	0.0	0.0	0.0	0.0	0.0	0.0	0.0	69.0
"Methyloversatilis"	70.0	41.0	15.0	13.0	2637.0	0.0	33.0	7.0	55.0	42.0	141.0
"Sulfuritalea"	0.0	0.0	0.0	0.0	117.0	0.0	0.0	0.0	0.0	0.0	0.0
"Thiobacillus"	50.0	0.0	0.0	16.0	0.0	0.0	0.0	0.0	0.0	0.0	0.0
"Azonexus"	0.0	31.0	0.0	0.0	0.0	0.0	0.0	6.0	0.0	0.0	0.0
"Dechloromonas"	99.0	118.0	11.0	27.0	177.0	0.0	26.0	0.0	0.0	0.0	69.0
"Azospira"	81.0	19.0	0.0	0.0	0.0	0.0	10.0	0.0	21.0	41.0	81.0
"Azovibrio"	0.0	0.0	0.0	9.0	0.0	0.0	0.0	0.0	0.0	0.0	0.0
"Azoarcus"	89.0	63.0	11.0	20.0	262.0	0.0	41.0	0.0	52.0	46.0	135.0
"Thauera"	105.0	92.0	25.0	11.0	351.0	0.0	69.0	12.0	23.0	73.0	247.0
"Desulfobulbus"	0.0	20.0	0.0	43.0	93.0	0.0	0.0	1049.0	502.0	58.0	190.0
"Desulfomicrobium"	0.0	0.0	0.0	16.0	0.0	0.0	49.0	25.0	0.0	109.0	0.0
"Desulfocurvus"	0.0	0.0	0.0	0.0	0.0	0.0	0.0	6.0	0.0	0.0	0.0
"Desulfovibrio"	0.0	0.0	0.0	18.0	0.0	0.0	25.0	8.0	0.0	0.0	0.0
"Geobacter"	0.0	27.0	0.0	0.0	0.0	0.0	0.0	0.0	0.0	0.0	0.0
"Archangium"	0.0	0.0	49.0	0.0	0.0	0.0	0.0	0.0	0.0	0.0	0.0
"Myxococcus"	71.0	29.0	0.0	0.0	112.0	0.0	24.0	8.0	0.0	0.0	0.0
"Nannocystis"	0.0	0.0	0.0	0.0	0.0	0.0	12.0	0.0	0.0	0.0	0.0
"Sorangium"	77.0	70.0	10.0	15.0	162.0	0.0	21.0	0.0	0.0	56.0	67.0
"Sandaracinus"	0.0	0.0	0.0	0.0	0.0	0.0	11.0	0.0	0.0	0.0	0.0
"Arcobacter"	0.0	67.0	10.0	0.0	115.0	0.0	54.0	17.0	55.0	0.0	0.0
"Campylobacter"	0.0	0.0	0.0	0.0	170.0	0.0	0.0	30.0	24.0	0.0	0.0
"Helicobacter"	101.0	119.0	79.0	62.0	156.0	0.0	141.0	77.0	282.0	136.0	99.0
"Sulfurifustis"	0.0	0.0	0.0	14.0	0.0	0.0	0.0	0.0	0.0	0.0	0.0
"Aeromonas"	1012.0	482.0	32.0	23.0	1021.0	0.0	154.0	40.0	44.0	228.0	306.0
"Zobellella"	0.0	0.0	0.0	22.0	0.0	0.0	0.0	6.0	0.0	0.0	0.0
"Marinobacter"	0.0	37.0	0.0	0.0	0.0	0.0	0.0	48.0	0.0	57.0	0.0
"Colwellia"	0.0	0.0	0.0	16.0	0.0	0.0	16.0	15.0	0.0	0.0	0.0
"Aliidiomarina"	0.0	0.0	0.0	0.0	0.0	0.0	0.0	6.0	0.0	0.0	0.0
"Idiomarina"	0.0	0.0	0.0	0.0	0.0	0.0	0.0	8.0	0.0	0.0	0.0
"Pseudoalteromonas"	0.0	21.0	0.0	26.0	0.0	0.0	0.0	0.0	0.0	0.0	0.0
"Shewanella"	1789.0	252.0	17.0	6401.0	594.0	0.0	3958.0	1685.0	18.0	89.0	95.0
"Cellvibrio"	556.0	79.0	71.0	0.0	310.0	0.0	48.0	16.0	78.0	57.0	462.0
"Microbulbifer"	0.0	0.0	0.0	0.0	0.0	0.0	0.0	7.0	0.0	0.0	0.0
"Lamprocystis"	0.0	0.0	0.0	0.0	0.0	0.0	10.0	0.0	0.0	0.0	0.0
"Marichromatium"	0.0	0.0	0.0	0.0	0.0	0.0	10.0	0.0	0.0	0.0	0.0
"Pararheinheimera"	0.0	22.0	0.0	0.0	0.0	0.0	23.0	8.0	0.0	0.0	0.0
"Rheinheimera"	0.0	29.0	0.0	0.0	101.0	0.0	0.0	11.0	0.0	0.0	0.0
"Thiohalobacter"	0.0	0.0	0.0	9.0	0.0	0.0	0.0	0.0	0.0	0.0	0.0
"Spiribacter"	0.0	0.0	0.0	0.0	0.0	0.0	0.0	13.0	0.0	0.0	0.0
"Thioalkalivibrio"	56.0	49.0	17.0	27.0	99.0	0.0	26.0	27.0	31.0	69.0	118.0
"Phytobacter"	0.0	0.0	15.0	0.0	0.0	0.0	0.0	19.0	0.0	0.0	0.0
"Cedecea"	0.0	0.0	0.0	0.0	159.0	0.0	0.0	0.0	0.0	0.0	0.0
"Citrobacter"	154.0	65.0	68.0	63.0	869.0	0.0	93.0	55.0	143.0	133.0	342.0
"Cronobacter"	0.0	21.0	0.0	10.0	1901.0	0.0	27.0	14.0	45.0	0.0	0.0
"Enterobacter"	210.0	129.0	7196.0	115.0	2619.0	1.0	180.0	87.0	189.0	178.0	6016.0
"Escherichia"	24238.0	4267.0	752.0	8966.0	7014.0	1.0	10699.0	553.0	11354.0	18852.0	8245.0
"Franconibacter"	0.0	0.0	0.0	0.0	171.0	0.0	0.0	0.0	0.0	0.0	0.0
"Klebsiella"	231.0	104.0	134.0	125.0	51145.0	0.0	275.0	338.0	304.0	488.0	245.0
"Kluyvera"	0.0	0.0	0.0	0.0	0.0	0.0	0.0	6.0	0.0	0.0	0.0
"Kosakonia"	0.0	0.0	0.0	0.0	173751.0	0.0	0.0	0.0	0.0	0.0	0.0
"Leclercia"	0.0	0.0	14.0	0.0	205.0	0.0	0.0	0.0	0.0	0.0	310.0
"Lelliottia"	0.0	0.0	0.0	0.0	0.0	0.0	0.0	0.0	0.0	0.0	317.0
"Pluralibacter"	0.0	0.0	0.0	0.0	216.0	0.0	0.0	0.0	0.0	0.0	0.0
"Raoultella"	0.0	0.0	0.0	24.0	190.0	0.0	32.0	9.0	18.0	0.0	0.0
"Salmonella"	296.0	387.0	143.0	342.0	1090.0	0.0	506.0	255.0	947.0	433.0	395.0
"Shigella"	0.0	0.0	0.0	0.0	131.0	0.0	46.0	7.0	32.0	34.0	0.0
"Siccibacter"	0.0	0.0	0.0	0.0	115.0	0.0	0.0	0.0	0.0	0.0	0.0
"Erwinia"	0.0	46.0	0.0	9.0	262.0	0.0	18.0	9.0	0.0	0.0	0.0
"Pantoea"	64.0	61.0	12.0	32.0	1913.0	0.0	170.0	0.0	22.0	68.0	168.0
"Edwardsiella"	68.0	110.0	50.0	70.0	198.0	0.0	101.0	75.0	261.0	93.0	91.0
"Hafnia"	0.0	0.0	0.0	0.0	0.0	0.0	52.0	0.0	0.0	0.0	0.0
"Morganella"	0.0	0.0	0.0	0.0	0.0	0.0	26.0	0.0	0.0	0.0	0.0
"Photorhabdus"	0.0	35.0	29.0	36.0	0.0	0.0	28.0	21.0	64.0	34.0	0.0
"Providencia"	112.0	0.0	0.0	0.0	0.0	0.0	38.0	0.0	0.0	120.0	269.0
"Xenorhabdus"	0.0	0.0	0.0	0.0	0.0	0.0	0.0	0.0	22.0	0.0	0.0
"Dickeya"	0.0	0.0	0.0	14.0	119.0	0.0	15.0	0.0	0.0	0.0	0.0
"Pectobacterium"	0.0	0.0	0.0	22.0	164.0	0.0	0.0	6.0	29.0	0.0	0.0
"Rahnella"	0.0	0.0	0.0	0.0	92.0	0.0	0.0	0.0	0.0	0.0	104.0
"Serratia"	187.0	44.0	209.0	37.0	390.0	0.0	69.0	136.0	40.0	248.0	313.0
"Yersinia"	0.0	46.0	17.0	30.0	283.0	0.0	41.0	16.0	59.0	33.0	0.0
"Alkalimonas"	0.0	0.0	0.0	0.0	0.0	0.0	13.0	0.0	0.0	0.0	0.0
"Legionella"	0.0	41.0	0.0	12.0	0.0	0.0	23.0	0.0	29.0	38.0	63.0
"Methylomonas"	0.0	0.0	0.0	0.0	0.0	0.0	0.0	0.0	21.0	0.0	0.0
"Nevskia"	66.0	0.0	17.0	30.0	0.0	0.0	206.0	0.0	0.0	0.0	78.0
"Solimonas"	133.0	22.0	29.0	18.0	0.0	0.0	34.0	6.0	20.0	52.0	182.0
"Alcanivorax"	0.0	75.0	0.0	12.0	0.0	0.0	11.0	26.0	21.0	31.0	0.0
"Aidingimonas"	0.0	0.0	0.0	0.0	0.0	0.0	0.0	16.0	0.0	0.0	0.0
"Chromohalobacter"	0.0	0.0	0.0	0.0	0.0	0.0	0.0	78.0	0.0	32.0	0.0
"Cobetia"	0.0	0.0	0.0	0.0	0.0	0.0	0.0	12.0	0.0	0.0	0.0
"Halomonas"	1241.0	132.0	212.0	163.0	509.0	3.0	83.0	3420.0	195.0	2065.0	762.0
"Halotalea"	0.0	0.0	0.0	0.0	0.0	0.0	0.0	0.0	23.0	0.0	0.0
"Kushneria"	0.0	0.0	0.0	0.0	0.0	0.0	0.0	26.0	0.0	0.0	0.0
"Salinicola"	65.0	28.0	12.0	22.0	0.0	0.0	0.0	189.0	0.0	129.0	0.0
"Gilliamella"	0.0	75.0	0.0	43.0	0.0	0.0	0.0	0.0	0.0	0.0	0.0
"Aggregatibacter"	0.0	0.0	0.0	0.0	92.0	0.0	0.0	0.0	0.0	0.0	74.0
"Haemophilus"	105.0	33.0	18.0	10.0	143.0	0.0	15.0	7.0	0.0	41.0	96.0
"Acinetobacter"	5280.0	821.0	365.0	519.0	3552.0	0.0	410.0	279.0	782.0	1063.0	1812.0
"Alkanindiges"	75.0	0.0	0.0	0.0	0.0	0.0	0.0	11.0	0.0	0.0	0.0
"Moraxella"	1160.0	127.0	75.0	133.0	1342.0	0.0	606.0	57.0	106.0	151.0	1047.0
"Psychrobacter"	0.0	134.0	17.0	15.0	469.0	0.0	132.0	0.0	22.0	115.0	374.0
"Azotobacter"	0.0	0.0	0.0	20.0	0.0	0.0	0.0	13.0	0.0	0.0	0.0
"Pseudomonas"	13162.0	8659.0	15925.0	2291.0	13189.0	13.0	6239.0	2732.0	12428.0	12743.0	36721.0
"Vibrio"	342.0	361.0	150.0	249.0	687.0	0.0	446.0	240.0	863.0	364.0	440.0
"Aquimonas"	0.0	0.0	0.0	0.0	0.0	0.0	12.0	8.0	0.0	0.0	0.0
"Dokdonella"	54.0	0.0	0.0	0.0	0.0	0.0	0.0	14.0	0.0	44.0	0.0
"Dyella"	993.0	271.0	108.0	452.0	985.0	1.0	375.0	258.0	591.0	378.0	548.0
"Frateuria"	234.0	0.0	36.0	0.0	0.0	0.0	15.0	62.0	0.0	72.0	154.0
"Fulvimonas"	177.0	0.0	14.0	0.0	0.0	0.0	0.0	25.0	0.0	0.0	129.0
"Luteibacter"	91.0	35.0	10.0	0.0	125.0	0.0	57.0	36.0	0.0	53.0	0.0
"Metallibacterium"	0.0	0.0	0.0	0.0	0.0	0.0	0.0	9.0	0.0	0.0	0.0
"Mizugakiibacter"	0.0	0.0	0.0	0.0	0.0	0.0	0.0	13.0	0.0	0.0	0.0
"Oleiagrimonas"	0.0	0.0	0.0	0.0	0.0	0.0	0.0	110.0	0.0	69.0	0.0
"Rhodanobacter"	928.0	69.0	95.0	47.0	207.0	0.0	51.0	172.0	59.0	238.0	568.0
"Rudaea"	79.0	0.0	14.0	0.0	0.0	0.0	0.0	0.0	0.0	0.0	112.0
"Arenimonas"	0.0	35.0	0.0	0.0	0.0	0.0	14.0	26.0	0.0	0.0	0.0
"Luteimonas"	0.0	46.0	0.0	9.0	262.0	0.0	36.0	24.0	0.0	91.0	67.0
"Lysobacter"	286.0	234.0	49.0	168.0	601.0	0.0	184.0	50.0	138.0	134.0	391.0
"Pseudoxanthomonas"	299.0	96.0	24.0	24.0	533.0	0.0	84.0	63.0	48.0	179.0	212.0
"Silanimonas"	0.0	0.0	0.0	0.0	240.0	0.0	0.0	0.0	0.0	0.0	0.0
"Stenotrophomonas"	34896.0	272.0	304.0	142.0	758.0	0.0	236.0	171.0	241.0	32034.0	58727.0
"Thermomonas"	74.0	59.0	15.0	9.0	107.0	0.0	13.0	24.0	33.0	49.0	0.0
"Xanthomonas"	612.0	418.0	186.0	422.0	3427.0	0.0	482.0	182.0	709.0	454.0	903.0
"Hydrogenophilus"	0.0	0.0	0.0	0.0	90.0	0.0	11.0	0.0	0.0	0.0	0.0
"Tepidiphilus"	62.0	0.0	0.0	0.0	141.0	0.0	13.0	0.0	21.0	131.0	62.0
"Bdellovibrio"	0.0	27.0	0.0	0.0	0.0	0.0	10.0	19.0	27.0	0.0	0.0
"Chlamydia"	0.0	0.0	0.0	0.0	0.0	0.0	30.0	0.0	0.0	0.0	0.0
"Parachlamydia"	0.0	0.0	0.0	0.0	0.0	0.0	18.0	0.0	0.0	31.0	0.0
"Gemmata"	123.0	46.0	14.0	0.0	144.0	0.0	41.0	9.0	64.0	72.0	0.0
"Zavarzinella"	0.0	0.0	0.0	0.0	0.0	0.0	0.0	0.0	24.0	0.0	0.0
"Paludisphaera"	0.0	0.0	12.0	0.0	0.0	0.0	0.0	0.0	0.0	32.0	0.0
"Singulisphaera"	74.0	0.0	15.0	0.0	0.0	0.0	0.0	0.0	19.0	35.0	0.0
"Planctomyces"	0.0	19.0	11.0	0.0	0.0	0.0	0.0	11.0	0.0	30.0	62.0
"Schlesneria"	0.0	0.0	0.0	0.0	0.0	0.0	0.0	0.0	19.0	0.0	0.0
"Lacunisphaera"	0.0	43.0	0.0	0.0	109.0	0.0	15.0	0.0	0.0	0.0	0.0
"Opitutus"	0.0	72.0	0.0	0.0	279.0	0.0	20.0	0.0	0.0	0.0	0.0
"Chthoniobacter"	0.0	0.0	0.0	0.0	0.0	0.0	0.0	8.0	0.0	0.0	0.0
"Prosthecobacter"	0.0	0.0	0.0	0.0	0.0	0.0	10.0	6.0	0.0	0.0	0.0
"Roseimicrobium"	0.0	20.0	0.0	0.0	0.0	0.0	16.0	0.0	17.0	0.0	0.0
"Verrucomicrobium"	0.0	0.0	0.0	0.0	0.0	0.0	12.0	0.0	0.0	0.0	0.0
"Leptospira"	48.0	0.0	14.0	0.0	0.0	0.0	14.0	18.0	28.0	0.0	0.0
"Treponema"	49.0	35.0	0.0	42.0	550.0	0.0	28.0	173.0	174.0	60.0	134.0
"Aminomonas"	0.0	0.0	0.0	0.0	0.0	0.0	0.0	9.0	0.0	0.0	0.0
"Thermanaerovibrio"	0.0	0.0	0.0	0.0	0.0	0.0	0.0	7.0	0.0	0.0	0.0
"Actinobaculum"	0.0	0.0	0.0	0.0	314.0	0.0	0.0	0.0	0.0	0.0	0.0
"Actinomyces"	1362.0	373.0	88.0	300.0	11106.0	1.0	209.0	1629.0	644.0	790.0	2090.0
"Actinotignum"	0.0	0.0	0.0	0.0	0.0	0.0	16.0	78.0	0.0	0.0	0.0
"Schaalia"	0.0	30.0	0.0	10.0	0.0	0.0	0.0	0.0	0.0	34.0	63.0
"Varibaculum"	0.0	0.0	0.0	0.0	0.0	0.0	0.0	0.0	0.0	61.0	0.0
"Actinopolyspora"	0.0	0.0	0.0	18.0	0.0	0.0	0.0	0.0	0.0	0.0	66.0
"Alloscardovia"	0.0	0.0	0.0	0.0	0.0	0.0	31.0	0.0	0.0	0.0	0.0
"Bifidobacterium"	91.0	82.0	18.0	31.0	441.0	0.0	57.0	0.0	29.0	125.0	71.0
"Gardnerella"	157.0	0.0	24.0	0.0	0.0	0.0	63.0	8.0	0.0	124.0	69.0
"Scardovia"	82.0	0.0	0.0	0.0	0.0	0.0	0.0	0.0	0.0	0.0	0.0
"Candidatus Planktophila"	80.0	196.0	0.0	12.0	1206.0	0.0	81.0	55.0	236.0	82.0	0.0
"Catenulispora"	0.0	0.0	0.0	10.0	0.0	0.0	0.0	0.0	0.0	0.0	0.0
"Corynebacterium"	3506.0	1138.0	1317.0	211.0	4618.0	0.0	890.0	68.0	136.0	1578.0	4399.0
"Lawsonella"	71.0	0.0	0.0	0.0	475.0	0.0	0.0	0.0	0.0	30.0	0.0
"Dietzia"	99.0	212.0	54.0	22.0	1053.0	0.0	44.0	14.0	0.0	70.0	188.0
"Gordonia"	254.0	88.0	212.0	97.0	1035.0	0.0	33.0	16.0	62.0	79.0	441.0
"Mycobacterium"	2095.0	3412.0	2279.0	487.0	2778.0	1.0	551.0	209.0	799.0	874.0	3011.0
"Mycobacteroides"	62.0	76.0	83.0	0.0	0.0	0.0	19.0	0.0	0.0	0.0	91.0
"Mycolicibacter"	0.0	0.0	0.0	0.0	0.0	0.0	18.0	0.0	0.0	0.0	0.0
"Mycolicibacterium"	161.0	1944.0	233.0	64.0	442.0	0.0	53.0	8.0	3476.0	98.0	293.0
"Nocardia"	66.0	62.0	32.0	55.0	156.0	0.0	245.0	10.0	47.0	81.0	163.0
"Rhodococcus"	1090.0	384.0	1930.0	245.0	1001.0	0.0	1015.0	142.0	377.0	783.0	2396.0
"Williamsia"	160.0	61.0	48.0	0.0	0.0	0.0	31.0	0.0	0.0	206.0	267.0
"Cryptosporangium"	0.0	0.0	0.0	17.0	0.0	0.0	0.0	0.0	0.0	0.0	0.0
"Frankia"	51.0	33.0	12.0	57.0	0.0	0.0	14.0	0.0	23.0	32.0	80.0
"Motilibacter"	0.0	0.0	0.0	9.0	0.0	0.0	0.0	0.0	0.0	0.0	0.0
"Blastococcus"	105.0	244.0	84.0	150.0	618.0	0.0	227.0	46.0	172.0	116.0	259.0
"Geodermatophilus"	69.0	206.0	23.0	109.0	594.0	0.0	104.0	15.0	41.0	61.0	221.0
"Modestobacter"	0.0	36.0	10.0	21.0	249.0	0.0	50.0	11.0	0.0	29.0	108.0
"Jiangella"	0.0	0.0	12.0	92.0	139.0	0.0	17.0	0.0	0.0	0.0	0.0
"Angustibacter"	0.0	0.0	0.0	683.0	0.0	0.0	0.0	0.0	0.0	0.0	283.0
"Kineococcus"	0.0	23.0	0.0	13.0	93.0	0.0	24.0	0.0	0.0	0.0	0.0
"Kineosporia"	0.0	33.0	0.0	80.0	205.0	0.0	11.0	0.0	0.0	0.0	0.0
"Georgenia"	0.0	19.0	0.0	0.0	105.0	0.0	0.0	0.0	0.0	0.0	0.0
"Brevibacterium"	179.0	104.0	31.0	53.0	1104.0	0.0	69.0	14.0	841.0	104.0	222.0
"Cellulomonas"	0.0	61.0	68.0	118.0	444.0	0.0	60.0	11.0	0.0	0.0	170.0
"Demequina"	0.0	0.0	0.0	12.0	0.0	0.0	16.0	0.0	0.0	0.0	0.0
"Lysinimicrobium"	0.0	19.0	15.0	23.0	0.0	0.0	12.0	0.0	0.0	30.0	0.0
"Brachybacterium"	280.0	642.0	44.0	105.0	1491.0	0.0	46.0	31.0	0.0	186.0	244.0
"Dermacoccus"	0.0	0.0	0.0	24.0	0.0	0.0	0.0	0.0	0.0	0.0	71.0
"Kytococcus"	114.0	170.0	0.0	32.0	552.0	0.0	0.0	7.0	0.0	60.0	463.0
"Luteipulveratus"	0.0	0.0	0.0	11.0	0.0	0.0	0.0	0.0	0.0	0.0	0.0
"Mobilicoccus"	0.0	0.0	0.0	32.0	0.0	0.0	0.0	0.0	0.0	0.0	0.0
"Arsenicicoccus"	0.0	0.0	0.0	28.0	0.0	0.0	0.0	0.0	0.0	0.0	0.0
"Intrasporangium"	0.0	0.0	12.0	26.0	0.0	0.0	0.0	0.0	0.0	0.0	0.0
"Janibacter"	107.0	198.0	128.0	97.0	477.0	0.0	155.0	0.0	0.0	53.0	365.0
"Ornithinimicrobium"	59.0	257.0	16.0	46.0	500.0	0.0	105.0	0.0	0.0	0.0	147.0
"Phycicoccus"	0.0	65.0	43.0	114.0	130.0	0.0	40.0	0.0	0.0	0.0	169.0
"Serinicoccus"	0.0	118.0	14.0	77.0	322.0	0.0	28.0	0.0	0.0	0.0	128.0
"Terrabacter"	0.0	0.0	19.0	20.0	0.0	0.0	10.0	0.0	0.0	0.0	0.0
"Terracoccus"	0.0	0.0	0.0	10.0	0.0	0.0	0.0	0.0	0.0	0.0	0.0
"Tetrasphaera"	0.0	64.0	41.0	56.0	153.0	0.0	36.0	7.0	0.0	0.0	135.0
"Agrococcus"	78.0	204.0	72.0	0.0	518.0	0.0	14.0	11.0	0.0	0.0	67.0
"Agromyces"	0.0	41.0	0.0	15.0	142.0	0.0	0.0	8.0	23.0	0.0	0.0
"Aurantimicrobium"	0.0	0.0	0.0	0.0	119.0	0.0	0.0	0.0	0.0	0.0	0.0
"Clavibacter"	0.0	142.0	11.0	0.0	334.0	0.0	57.0	11.0	37.0	0.0	0.0
"Cnuibacter"	0.0	0.0	13.0	0.0	0.0	0.0	0.0	0.0	0.0	0.0	0.0
"Cryobacterium"	0.0	78.0	12.0	39.0	131.0	0.0	11.0	12.0	21.0	0.0	0.0
"Cryocola"	0.0	0.0	0.0	0.0	103.0	0.0	16.0	0.0	0.0	0.0	0.0
"Curtobacterium"	92.0	98.0	49.0	44.0	271.0	0.0	173.0	14.0	52.0	75.0	159.0
"Frigoribacterium"	0.0	21.0	0.0	10.0	164.0	0.0	54.0	6.0	0.0	0.0	67.0
"Frondihabitans"	0.0	0.0	0.0	0.0	0.0	1.0	40.0	0.0	0.0	0.0	0.0
"Herbiconiux"	0.0	25.0	0.0	0.0	0.0	0.0	15.0	0.0	0.0	0.0	0.0
"Leifsonia"	348.0	195.0	95.0	30.0	557.0	0.0	45.0	120.0	83.0	185.0	342.0
"Leucobacter"	0.0	22.0	0.0	0.0	0.0	0.0	0.0	0.0	0.0	68.0	0.0
"Rhodoluna"	0.0	79.0	0.0	0.0	513.0	0.0	10.0	14.0	68.0	0.0	0.0
"Microbacterium"	2026.0	1235.0	605.0	326.0	7606.0	0.0	841.0	184.0	535.0	803.0	1912.0
"Microterricola"	0.0	26.0	0.0	0.0	0.0	0.0	0.0	0.0	0.0	0.0	0.0
"Mycetocola"	0.0	38.0	0.0	0.0	0.0	0.0	15.0	0.0	0.0	0.0	0.0
"Plantibacter"	0.0	51.0	0.0	0.0	134.0	0.0	13.0	0.0	0.0	0.0	0.0
"Pseudoclavibacter"	0.0	53.0	11.0	0.0	231.0	0.0	26.0	0.0	0.0	0.0	0.0
"Rathayibacter"	64.0	62.0	26.0	58.0	298.0	0.0	108.0	20.0	82.0	54.0	240.0
"Salinibacterium"	0.0	0.0	0.0	9.0	0.0	0.0	0.0	0.0	0.0	0.0	0.0
"Yonghaparkia"	0.0	32.0	0.0	0.0	0.0	0.0	0.0	0.0	0.0	0.0	0.0
"Arthrobacter"	260.0	916.0	284.0	227.0	1648.0	0.0	202.0	53.0	238.0	226.0	541.0
"Glutamicibacter"	0.0	27.0	0.0	14.0	0.0	0.0	0.0	0.0	0.0	0.0	66.0
"Kocuria"	491.0	1591.0	1640.0	192.0	2651.0	0.0	289.0	19.0	143.0	288.0	989.0
"Micrococcus"	1274.0	2842.0	428.0	248.0	4838.0	0.0	165.0	21.0	104.0	190.0	755.0
"Nesterenkonia"	0.0	114.0	0.0	0.0	295.0	0.0	0.0	0.0	0.0	0.0	0.0
"Paenarthrobacter"	44.0	0.0	0.0	85.0	110.0	0.0	82.0	9.0	0.0	54.0	136.0
"Pseudarthrobacter"	0.0	0.0	0.0	11.0	0.0	0.0	0.0	0.0	0.0	0.0	0.0
"Rothia"	233.0	68.0	44.0	42.0	683.0	0.0	145.0	17.0	25.0	101.0	444.0
"Sinomonas"	0.0	0.0	0.0	14.0	0.0	0.0	0.0	0.0	0.0	0.0	0.0
"Cellulosimicrobium"	0.0	47.0	0.0	0.0	128.0	0.0	0.0	0.0	0.0	0.0	0.0
"Promicromonospora"	0.0	19.0	0.0	16.0	0.0	0.0	0.0	0.0	0.0	0.0	0.0
"Xylanimonas"	0.0	0.0	0.0	14.0	0.0	0.0	0.0	0.0	0.0	0.0	0.0
"Sanguibacter"	170.0	89.0	11.0	30.0	201.0	0.0	45.0	8.0	0.0	0.0	0.0
"Actinoplanes"	62.0	72.0	18.0	128.0	340.0	0.0	82.0	17.0	23.0	31.0	186.0
"Longispora"	0.0	0.0	0.0	12.0	0.0	0.0	0.0	0.0	0.0	0.0	0.0
"Micromonospora"	127.0	183.0	64.0	222.0	1786.0	0.0	159.0	50.0	217.0	137.0	237.0
"Plantactinospora"	524.0	681.0	465.0	682.0	1155.0	0.0	941.0	464.0	1815.0	752.0	639.0
"Pseudosporangium"	0.0	0.0	0.0	0.0	0.0	0.0	14.0	0.0	0.0	0.0	0.0
"Salinispora"	0.0	20.0	0.0	40.0	0.0	0.0	0.0	6.0	0.0	0.0	0.0
"Nakamurella"	0.0	0.0	15.0	29.0	0.0	0.0	32.0	0.0	0.0	0.0	0.0
"Actinopolymorpha"	0.0	0.0	0.0	36.0	0.0	0.0	0.0	0.0	0.0	0.0	0.0
"Aeromicrobium"	47.0	97.0	29.0	63.0	438.0	0.0	47.0	10.0	24.0	0.0	66.0
"Friedmanniella"	0.0	80.0	12.0	48.0	182.0	0.0	86.0	11.0	21.0	0.0	122.0
"Kribbella"	0.0	0.0	0.0	21.0	0.0	0.0	0.0	0.0	0.0	0.0	0.0
"Marmoricola"	102.0	138.0	33.0	76.0	680.0	0.0	165.0	0.0	32.0	46.0	183.0
"Nocardioides"	479.0	955.0	279.0	348.0	3081.0	0.0	471.0	50.0	69.0	174.0	803.0
"Pimelobacter"	0.0	22.0	0.0	39.0	0.0	0.0	25.0	0.0	0.0	0.0	0.0
"Cutibacterium"	5582.0	1666.0	2447.0	532.0	21041.0	0.0	1110.0	271.0	563.0	5310.0	6592.0
"Microlunatus"	0.0	0.0	13.0	0.0	0.0	0.0	18.0	0.0	0.0	0.0	0.0
"Propionibacterium"	281.0	54.0	71.0	41.0	604.0	0.0	16.0	18.0	29.0	240.0	412.0
"Pseudopropionibacterium"	0.0	0.0	0.0	27.0	264.0	0.0	80.0	415.0	0.0	53.0	86.0
"Tessaracoccus"	0.0	45.0	48.0	9.0	372.0	0.0	0.0	0.0	0.0	33.0	0.0
"Actinoalloteichus"	0.0	0.0	0.0	18.0	0.0	0.0	0.0	0.0	0.0	0.0	0.0
"Actinokineospora"	0.0	0.0	0.0	26.0	0.0	0.0	16.0	0.0	0.0	0.0	73.0
"Actinomycetospora"	786.0	28.0	86.0	11.0	163.0	0.0	42.0	0.0	0.0	112.0	1585.0
"Allokutzneria"	0.0	0.0	0.0	9.0	0.0	0.0	0.0	0.0	0.0	0.0	0.0
"Amycolatopsis"	161.0	111.0	50.0	119.0	264.0	0.0	96.0	27.0	125.0	121.0	253.0
"Kutzneria"	0.0	0.0	0.0	14.0	0.0	0.0	0.0	0.0	0.0	0.0	0.0
"Lentzea"	0.0	21.0	0.0	32.0	0.0	0.0	0.0	0.0	0.0	0.0	0.0
"Prauserella"	0.0	0.0	0.0	0.0	0.0	0.0	15.0	0.0	0.0	0.0	0.0
"Pseudonocardia"	592.0	173.0	90.0	125.0	1036.0	0.0	139.0	16.0	38.0	476.0	951.0
"Saccharomonospora"	60.0	28.0	16.0	19.0	0.0	0.0	0.0	6.0	0.0	0.0	100.0
"Saccharopolyspora"	226.0	82.0	16.0	20.0	235.0	0.0	17.0	0.0	0.0	126.0	527.0
"Thermocrispum"	0.0	0.0	0.0	9.0	0.0	0.0	0.0	0.0	0.0	0.0	0.0
"Yuhushiella"	0.0	0.0	0.0	11.0	0.0	0.0	0.0	0.0	0.0	0.0	0.0
"Sporichthya"	0.0	0.0	0.0	21.0	0.0	0.0	0.0	0.0	0.0	0.0	0.0
"Kitasatospora"	0.0	0.0	0.0	50.0	0.0	0.0	0.0	0.0	18.0	0.0	0.0
"Streptacidiphilus"	0.0	28.0	0.0	53.0	0.0	0.0	20.0	9.0	41.0	0.0	0.0
"Streptomyces"	2176.0	2864.0	1786.0	3019.0	5788.0	4.0	3127.0	1506.0	6097.0	2785.0	3519.0
"Nocardiopsis"	66.0	73.0	15.0	42.0	197.0	0.0	51.0	17.0	56.0	46.0	201.0
"Herbidospora"	0.0	0.0	0.0	17.0	0.0	0.0	0.0	0.0	0.0	0.0	0.0
"Microbispora"	0.0	0.0	0.0	17.0	0.0	0.0	0.0	0.0	0.0	0.0	0.0
"Microtetraspora"	0.0	0.0	0.0	14.0	0.0	0.0	0.0	0.0	0.0	0.0	0.0
"Nonomuraea"	0.0	61.0	23.0	85.0	166.0	0.0	26.0	10.0	70.0	46.0	0.0
"Sphaerisporangium"	0.0	0.0	0.0	10.0	0.0	0.0	0.0	0.0	0.0	0.0	0.0
"Streptosporangium"	0.0	0.0	0.0	9.0	0.0	1.0	0.0	0.0	0.0	0.0	0.0
"Allonocardiopsis"	0.0	0.0	0.0	13.0	0.0	0.0	0.0	0.0	0.0	0.0	0.0
"Actinocorallia"	0.0	0.0	0.0	15.0	0.0	0.0	15.0	0.0	0.0	0.0	0.0
"Actinomadura"	0.0	51.0	12.0	95.0	152.0	0.0	24.0	9.0	0.0	0.0	105.0
"Atopobium"	85.0	0.0	0.0	21.0	154.0	0.0	0.0	11.0	0.0	0.0	0.0
"Olsenella"	698.0	25.0	0.0	81.0	612.0	0.0	11.0	263.0	229.0	374.0	791.0
"Collinsella"	0.0	28.0	0.0	0.0	0.0	0.0	20.0	30.0	20.0	0.0	0.0
"Senegalimassilia"	0.0	0.0	0.0	0.0	0.0	0.0	0.0	11.0	0.0	0.0	0.0
"Adlercreutzia"	0.0	0.0	0.0	0.0	0.0	0.0	0.0	6.0	0.0	0.0	0.0
"Arabia"	0.0	0.0	0.0	0.0	0.0	0.0	0.0	27.0	19.0	0.0	0.0
"Asaccharobacter"	0.0	0.0	0.0	0.0	0.0	0.0	0.0	12.0	0.0	0.0	0.0
"Denitrobacterium"	0.0	0.0	0.0	0.0	0.0	0.0	0.0	10.0	0.0	0.0	0.0
"Eggerthella"	0.0	0.0	0.0	0.0	0.0	0.0	0.0	65.0	21.0	0.0	0.0
"Enterorhabdus"	0.0	0.0	0.0	0.0	0.0	0.0	0.0	20.0	0.0	0.0	0.0
"Gordonibacter"	0.0	0.0	0.0	0.0	0.0	0.0	0.0	74.0	0.0	0.0	0.0
"Paraeggerthella"	0.0	0.0	0.0	0.0	0.0	0.0	0.0	48.0	0.0	0.0	0.0
"Raoultibacter"	0.0	0.0	0.0	0.0	0.0	0.0	0.0	48.0	0.0	0.0	0.0
"Slackia"	0.0	0.0	0.0	9.0	0.0	0.0	0.0	78.0	36.0	0.0	0.0
"Rubrobacter"	0.0	23.0	0.0	0.0	0.0	0.0	0.0	0.0	0.0	0.0	0.0
"Conexibacter"	0.0	59.0	0.0	11.0	106.0	0.0	26.0	0.0	18.0	0.0	0.0
"Patulibacter"	0.0	0.0	0.0	17.0	0.0	0.0	16.0	0.0	0.0	0.0	0.0
"Solirubrobacter"	147.0	208.0	12.0	42.0	210.0	0.0	45.0	0.0	0.0	33.0	61.0
"Calothrix"	0.0	0.0	0.0	0.0	0.0	0.0	0.0	13.0	0.0	0.0	0.0
"Fischerella"	0.0	0.0	0.0	0.0	0.0	0.0	0.0	7.0	0.0	0.0	0.0
"Nostoc"	150.0	213.0	21.0	18.0	243.0	0.0	53.0	37.0	35.0	57.0	140.0
"Scytonema"	0.0	229.0	0.0	0.0	0.0	0.0	0.0	6.0	18.0	0.0	0.0
"Tolypothrix"	0.0	0.0	0.0	9.0	0.0	0.0	0.0	0.0	0.0	0.0	0.0
"Chlorogloea"	0.0	0.0	0.0	0.0	95.0	0.0	23.0	0.0	0.0	0.0	110.0
"Microcystis"	0.0	50.0	10.0	15.0	97.0	0.0	52.0	22.0	100.0	36.0	0.0
"Oscillatoria"	0.0	0.0	0.0	0.0	0.0	0.0	24.0	10.0	37.0	0.0	0.0
"Phormidium"	0.0	0.0	0.0	0.0	0.0	0.0	0.0	8.0	0.0	0.0	0.0
"Synechocystis"	0.0	0.0	0.0	0.0	98.0	0.0	0.0	0.0	0.0	0.0	0.0
"Synechococcus"	0.0	0.0	0.0	0.0	0.0	0.0	21.0	0.0	0.0	0.0	0.0
"Deinococcus"	164.0	94.0	836.0	19.0	248.0	0.0	17.0	18.0	21.0	104.0	441.0
"Meiothermus"	114.0	47.0	21.0	48.0	114.0	0.0	54.0	34.0	114.0	69.0	113.0
"Thermus"	261.0	40.0	19.0	0.0	0.0	1.0	0.0	83.0	51.0	65.0	170.0
"Anoxybacillus"	58.0	0.0	0.0	35.0	157.0	0.0	0.0	0.0	0.0	187.0	142.0
"Bacillus"	276.0	286.0	1021.0	5309.0	1975.0	0.0	209.0	221.0	336.0	392.0	406.0
"Geobacillus"	50.0	43.0	59.0	27.0	146.0	0.0	50.0	23.0	110.0	61.0	115.0
"Psychrobacillus"	0.0	0.0	0.0	0.0	0.0	0.0	10.0	0.0	0.0	0.0	0.0
"Gemella"	0.0	0.0	0.0	0.0	95.0	0.0	0.0	23.0	0.0	0.0	74.0
"Exiguobacterium"	0.0	0.0	58.0	0.0	0.0	0.0	0.0	7.0	0.0	0.0	0.0
"Brochothrix"	0.0	21.0	0.0	0.0	0.0	0.0	0.0	0.0	98.0	0.0	0.0
"Brevibacillus"	0.0	26.0	0.0	0.0	0.0	0.0	0.0	0.0	0.0	0.0	0.0
"Paenibacillus"	0.0	30.0	12.0	26.0	343.0	0.0	43.0	0.0	23.0	31.0	0.0
"Planococcus"	0.0	174.0	0.0	12.0	615.0	0.0	0.0	0.0	0.0	0.0	0.0
"Auricoccus"	174.0	120.0	0.0	0.0	0.0	0.0	0.0	0.0	0.0	0.0	0.0
"Jeotgalicoccus"	0.0	0.0	0.0	0.0	194.0	0.0	0.0	0.0	0.0	0.0	0.0
"Nosocomiicoccus"	0.0	0.0	0.0	0.0	0.0	0.0	0.0	0.0	1066.0	0.0	0.0
"Salinicoccus"	165.0	0.0	0.0	0.0	0.0	0.0	0.0	0.0	0.0	0.0	0.0
"Staphylococcus"	5981.0	1236.0	1315.0	358.0	1198.0	0.0	167.0	51.0	132.0	1131.0	2680.0
"Abiotrophia"	0.0	0.0	0.0	0.0	0.0	0.0	16.0	0.0	0.0	0.0	0.0
"Aerococcus"	0.0	28.0	0.0	0.0	111.0	0.0	20.0	11.0	0.0	0.0	0.0
"Facklamia"	0.0	0.0	0.0	0.0	0.0	0.0	0.0	0.0	0.0	30.0	0.0
"Carnobacterium"	0.0	19.0	0.0	0.0	0.0	0.0	15.0	0.0	0.0	0.0	0.0
"Dolosigranulum"	61.0	0.0	0.0	0.0	0.0	0.0	44.0	0.0	0.0	0.0	0.0
"Granulicatella"	0.0	0.0	10.0	0.0	0.0	0.0	0.0	0.0	0.0	0.0	61.0
"Trichococcus"	0.0	0.0	46.0	12.0	0.0	0.0	0.0	0.0	0.0	0.0	0.0
"Enterococcus"	4328.0	11877.0	12285.0	4984.0	4406.0	2.0	3209.0	531.0	16330.0	2643.0	21443.0
"Lactobacillus"	210.0	233.0	169.0	277.0	390.0	0.0	360.0	138.0	455.0	287.0	481.0
"Pediococcus"	0.0	0.0	0.0	0.0	0.0	0.0	23.0	6.0	0.0	0.0	0.0
"Leuconostoc"	125.0	0.0	27.0	33.0	0.0	0.0	16.0	0.0	0.0	516.0	0.0
"Weissella"	104.0	219.0	549.0	11.0	9992.0	0.0	1504.0	5703.0	260.0	1221.0	0.0
"Lactococcus"	135.0	0.0	17.0	80.0	102.0	0.0	147.0	12.0	0.0	30.0	426.0
"Streptococcus"	943.0	219.0	118.0	196.0	1892.0	1.0	373.0	88.0	87.0	527.0	2058.0
"Christensenella"	0.0	0.0	0.0	0.0	0.0	0.0	0.0	0.0	43.0	0.0	0.0
"Clostridium"	76.0	71.0	54.0	15.0	161.0	0.0	85.0	41.0	132.0	51.0	103.0
"Mogibacterium"	0.0	0.0	0.0	0.0	192.0	0.0	0.0	142.0	35.0	0.0	0.0
"Levyella"	0.0	0.0	0.0	15.0	0.0	0.0	0.0	0.0	0.0	0.0	0.0
"Eubacterium"	83.0	0.0	12.0	19.0	153.0	0.0	204.0	21.0	33.0	40.0	0.0
"Pseudoramibacter"	0.0	0.0	0.0	0.0	0.0	0.0	66.0	746.0	193.0	110.0	0.0
"Anaerobium"	0.0	0.0	0.0	13.0	0.0	0.0	0.0	0.0	0.0	0.0	0.0
"Blautia"	0.0	0.0	0.0	0.0	0.0	0.0	18.0	0.0	0.0	0.0	0.0
"Catonella"	0.0	0.0	0.0	0.0	0.0	0.0	0.0	10.0	0.0	0.0	0.0
"Dorea"	0.0	0.0	0.0	0.0	0.0	0.0	17.0	0.0	0.0	0.0	0.0
"Lachnoanaerobaculum"	0.0	0.0	0.0	0.0	121.0	0.0	0.0	0.0	0.0	0.0	0.0
"Lachnoclostridium"	0.0	0.0	0.0	0.0	0.0	0.0	15.0	0.0	0.0	0.0	0.0
"Murimonas"	0.0	0.0	11.0	0.0	0.0	0.0	0.0	6.0	0.0	0.0	0.0
"Oribacterium"	0.0	0.0	0.0	0.0	141.0	0.0	0.0	16.0	0.0	0.0	0.0
"Desulfosporosinus"	0.0	0.0	0.0	0.0	0.0	0.0	18.0	0.0	0.0	0.0	0.0
"Clostridioides"	0.0	0.0	0.0	0.0	0.0	0.0	0.0	0.0	21.0	0.0	0.0
"Filifactor"	0.0	0.0	0.0	0.0	0.0	0.0	0.0	8.0	0.0	0.0	0.0
"Peptoanaerobacter"	0.0	0.0	0.0	0.0	0.0	0.0	0.0	17.0	0.0	0.0	0.0
"Romboutsia"	0.0	26.0	0.0	0.0	0.0	0.0	0.0	8.0	0.0	0.0	0.0
"Anaeromassilibacillus"	0.0	0.0	0.0	0.0	0.0	0.0	0.0	0.0	377.0	0.0	0.0
"Faecalibacterium"	0.0	21.0	0.0	0.0	0.0	0.0	0.0	0.0	0.0	35.0	0.0
"Ruminococcus"	0.0	37.0	15.0	0.0	0.0	0.0	66.0	9.0	0.0	33.0	0.0
"Eggerthia"	0.0	0.0	0.0	0.0	0.0	0.0	0.0	25.0	0.0	0.0	0.0
"Galactobacillus"	0.0	0.0	0.0	11.0	0.0	0.0	0.0	0.0	0.0	0.0	0.0
"Solobacterium"	0.0	0.0	0.0	0.0	94.0	1.0	0.0	7.0	0.0	0.0	0.0
"Turicibacter"	0.0	0.0	0.0	0.0	0.0	0.0	14.0	0.0	0.0	0.0	0.0
"Selenomonas"	127.0	0.0	0.0	0.0	1040.0	0.0	0.0	6.0	17.0	0.0	92.0
"Dialister"	0.0	0.0	0.0	0.0	149.0	0.0	0.0	0.0	0.0	0.0	0.0
"Veillonella"	98.0	0.0	0.0	0.0	924.0	0.0	85.0	10.0	23.0	31.0	144.0
"Anaerococcus"	167.0	0.0	0.0	21.0	0.0	0.0	18.0	9.0	0.0	139.0	174.0
"Finegoldia"	85.0	0.0	0.0	37.0	0.0	0.0	0.0	10.0	0.0	131.0	86.0
"Parvimonas"	0.0	0.0	0.0	0.0	116.0	0.0	0.0	19.0	0.0	0.0	0.0
"Peptoniphilus"	131.0	0.0	0.0	0.0	0.0	0.0	0.0	16.0	0.0	74.0	69.0
"Anaerosalibacter"	908.0	878.0	0.0	1807.0	2225.0	0.0	10773.0	1005.0	82.0	7263.0	0.0
"Candidatus Methanomethylophilus"	0.0	0.0	0.0	0.0	0.0	0.0	0.0	22.0	0.0	0.0	0.0
"Methanobrevibacter"	0.0	20.0	0.0	14.0	0.0	0.0	24.0	439.0	41.0	303.0	81.0
"Halorussus"	0.0	0.0	0.0	11.0	0.0	0.0	0.0	0.0	0.0	0.0	0.0
"Halorubrum"	0.0	0.0	0.0	0.0	0.0	0.0	0.0	8.0	0.0	0.0	0.0
"Methanosarcina"	47.0	0.0	0.0	84.0	0.0	0.0	60.0	0.0	29.0	0.0	0.0
"Methanothrix"	0.0	0.0	0.0	0.0	0.0	0.0	0.0	0.0	0.0	31.0	0.0
"Homo"	2462.0	870.0	491.0	329.0	4087.0	0.0	474.0	164.0	409.0	2246.0	7534.0
