1540872
1408281
28113
310300
28119
555313
1642646
185300
41976
837
111105
997829
712437
76122
52229
305719
28126
340486
52227
28131
840
439703
189723
633701
228603
1739459
652721
655809
28112
712710
1017
45242
45243
327575
1018
1019
209053
1705617
712211
712212
706435
712213
712216
710239
712217
1227265
1316593
1316596
652708
274537
274539
1097
1092
1096
1094
1100
34090
281093
1974213
1643429
1633631
1583098
77917
859
851
860
1739543
671211
712288
40542
157688
157691
109328
157687
712357
712359
671213
1227267
157692
34105
31998
408180
1380357
1688405
47671
78229
553814
1177982
1268622
179636
491919
28220
1082851
285
1031594
1899350
198706
2109913
2109914
2045302
1658672
296591
2116657
94132
80881
34073
151755
847
539
1715021
1739300
1739535
502
505
1056807
267212
495
485
486
496
487
488
490
665946
1581049
1715117
1739411
1739544
1715048
1715052
1739440
1739542
1739376
1739527
1739348
1739362
1715205
1715079
1581104
1581075
1608896
655307
641148
712401
857335
83767
53332
1986146
132132
44742
571438
665942
35554
199
200
824
204
256839
2718
194702
714
732
739
712148
733
726
729
731
75985
287
317
1844095
666
158
53418
51160
58231
409322
221027
53419
69710
1539298
81468
81412
508460
1197717
428712
457415
81462
108007
712888
1852361
1926276
272548
52767
1960083
52769
1892869
1659
544581
461393
1655
544580
1720198
111015
332524
52774
1288391
103621
1656
1739406
1739450
1739387
1581133
1203556
712117
706438
712118
710238
651609
712122
712124
649739
653385
1227263
2081702
208480
2051
144178
181487
52768
52773
1660
121163
131111
61592
161879
43768
1737425
38305
1725
1711
1276
172042
2047
1715104
1739260
186189
60920
1750
556499
119981
1744
671222
399497
712158
1382
1622075
1852385
1805478
133926
1871033
1476999
1739330
712411
661086
604330
1852386
1871019
1473216
671266
446660
580026
1870985
1531429
79604
84112
502558
1841863
471189
1335613
230658
1852371
1907662
84109
84110
572010
1720315
1889813
84136
150240
1379
29391
84135
46125
1581061
46124
1725361
1581071
1581074
1352
1311
1328
76860
1338
113107
45634
1336
1302
68892
313439
28037
1303
1318
1313
257758
1314
1304
1305
1307
1579343
469609
563036
1776578
999424
1739263
1739284
1739461
1715134
1739491
1739549
1581076
563037
1855327
1902136
712622
712630
1851429
626937
759821
53442
155865
113287
35517
56774
76124
51123
143393
109327
1776384
114527
86332
1297617
43997
43995
467210
617123
936595
1501332
1501329
237576
652706
177972
796942
1898203
665950
712976
712991
1549
47246
40518
1265
665956
2741
1496
143361
39498
796937
1261
1321783
1520829
1898207
1497955
1852363
31973
102148
1871025
82203
1321780
671224
416586
135082
2058293
135083
971
69823
999423
712528
712532
1321785
1884263
156456
218538
39950
1384082
450749
29466
248315
1852373
33033
1588755
33030
1871017
1739525
652713
1347392
1588751
1879010
1291540
1054217
1495144
39441
230361
294671
66851
83816
2173
190977
224719
1609968
2317
9606
